0.00020058413364807632
0.003345024801998934
0.027891515461180377
0.1550435211289162
0.6463926329952246
2.15590272876807
5.992122521265332
14.27530606859834
29.75762387898581
55.13896482060031
91.95209202003728
139.40304505812244
193.72921089230235
248.51788409657317
296.032722632343
329.1307637008421
343.07714957832235
336.6207318775936
312.0288687061854
274.200976925142
229.28358516122887
183.2886730934672
141.0933560935452
105.9762060372698
79.63731894188295
62.52611639319033
54.27590125052971
54.08964670822359
60.99592835836046
73.96320982908881
91.90682378838206
113.64256624244726
137.8391818722783
163.00743680133687
187.54362033563996
209.82592350363214
228.3469542891834
241.85673566914326
249.488530967053
250.84411114217562
246.02390947522736
235.59849857996966
220.52841566964665
202.0474085234484
181.52837552686645
160.35135620328882
139.78955617954466
120.92384906208159
104.58998835580957
91.35721792223373
81.53299044414752
75.18645649075553
72.1831504250969
72.22441107802295
74.88691886854103
79.65971025643408
85.97769021012371
93.25174909418587
100.89604710993727
108.35295942526899
115.11577400472514
120.74872472851933
124.90352021414316
127.33132668238785
127.88923692928908
126.540589446016
123.3490184878438
118.46671242334847
112.11792309505014
104.57920839150638
96.15814020993062
87.17224507032446
77.92977655252272
68.71358901616898
59.76895093401874
51.29567009755921
43.444463454940546
36.31713957258435
29.969901780607653
24.41893606540231
19.647413954503516
15.61309864358261
12.255866688402413
9.504619679971414
7.28323434025642
5.515364196576054
4.1280465757221245
3.0541768758676353
2.233985570441334
1.6156943626455795
1.155541517465359
0.8173593137711795
0.5718656924115324
0.3958037906614164
0.27103223754165323
0.18363954166811097
0.12312998375137182
0.08170731568738221
0.053666555578109204
0.03489292547085475
0.02245981826986248
