0.007918540192282537
0.09504770370893438
0.5705819150938811
2.2844799211440914
6.864779587718386
16.52236227103861
33.20457475149215
57.38630975512753
87.25461462856096
118.9783528641558
148.10043976117208
171.33053259025502
187.7385252791194
198.73627605250186
206.96439809052083
214.7669637988434
223.03745323029773
230.89963746408154
236.2153399196464
236.55781156427292
230.18373436861512
216.65081816922412
196.94640355879912
173.1960268510902
148.13766756254287
124.56408250657788
104.8806974100911
90.84394202755514
83.47233639615497
83.08035655352931
89.37549083491302
101.57235354132942
118.5005132924028
138.7031138085422
160.5348506572271
182.2692434147349
202.21908930230194
218.86490146960523
230.97825444884703
237.72312815553818
238.71955600451705
234.0594421498729
224.2724797745556
210.24842268995846
193.12853744960955
174.1826171968014
154.68810978831524
135.82517518269935
118.59687825804063
103.77848888942745
91.89512409609915
83.22349877571696
77.81167947998645
75.51037721631
76.01009820065454
78.87989045855964
83.60498643622486
89.62197148968664
96.3509964210768
103.22495687359152
109.71557079542282
115.35605905815297
119.75985277166569
122.63456429910148
123.79046070425028
123.1428949408583
120.70854815011033
116.59584048770645
110.9903833020251
104.13678089228617
96.31837527497078
87.8366239561673
78.99170492798618
70.0656820353713
61.30918655707313
52.932137244974456
45.098590899550146
37.92543925937981
31.484380755820858
25.806415118166544
20.88803569985296
16.698315943049145
13.18618080962985
10.287295364722677
7.930165334109559
6.041206233498552
4.54868196597816
3.3855302067853357
2.4911759358407433
1.812486483577392
1.3040452234529822
0.9279223761217721
0.6531068040509848
0.45473841987592806
0.3132522389711222
0.21351626694320053
0.14401911044963772
0.09614103193516306
0.06352476881281982
0.04154973786231706
0.026904732457672227
