0.007520141760698334
0.09081788884329839
0.5485195361457038
2.2095187655760467
6.679730369235813
16.173402570566324
32.694927898790134
56.82879911842991
86.87561625927286
119.04559359036728
148.79747065441674
172.64356998423767
189.4221874994965
200.38227522177073
208.14172103392838
215.16868886098143
222.57344939870484
229.70650272932988
234.5930538655922
234.86792239637828
228.74933185929822
215.68783318580282
196.5379614333557
173.30528725944674
148.64484068935096
125.31108524423499
105.71030331986636
91.62624510173549
84.11715287483837
83.53817577005003
89.63130093671255
101.63653067758881
118.39978195501538
138.47314421044783
160.21488100767738
181.89841752297195
201.8339613143372
218.49763163945417
230.65522838664828
237.463939205187
238.5364191151537
233.95713778017938
224.24887755993188
210.29554513275056
193.2340332934184
174.33145174765866
154.86425947546823
136.0131357089391
118.78284873283219
103.95116216792721
92.04608003385533
83.3472499837205
77.90545186419477
75.5737192529997
76.04440706555309
78.88792576675598
83.59041994117928
89.58899913885138
96.30402137651066
103.1683401881683
109.6534403899286
115.29216631368878
119.69746772989485
122.57640342375178
123.7386440153081
123.09893122032506
120.67334750233488
116.56975292527054
110.97326061263442
104.1280573355754
96.31716115016269
87.84180513943514
79.00204129739343
70.07989830034879
61.32605026139516
52.95052039437033
45.11751351576829
37.94409493238779
31.502145756010528
25.822843713939186
20.90284495264517
16.711363440040607
13.197438613641546
10.296823011039521
7.938084094724799
6.0476762030408535
4.5538828840082655
3.3896463772725904
2.4943851698997745
1.8149526867443364
1.3059140671107463
0.9293194157350427
0.6541374103515465
0.45548894755487124
0.31379194750590167
0.21389961083198716
0.14428811728757765
0.09632757732353306
0.0636526321875372
0.041636381418150556
0.026962787179771186
