0.007645060245021706
0.09214762610228965
0.5554745258418057
2.233220361986923
6.738436450706568
16.284550896768103
32.85811600046813
57.00884881647608
87.00082666701628
119.03022179918976
148.58156104975484
172.22941994173428
188.88609949468858
199.85349668146347
207.75817283307066
215.0299808490101
222.71068784216112
230.0783429857295
235.1052926756762
235.4057025249522
229.20912856508085
215.99968576364606
196.67405138476477
173.27618556785092
148.48791296084278
125.0763155282502
105.44776078970183
91.37753458866563
83.9113370730295
83.391370415766
89.54857869824346
101.61479784375548
118.43065955534152
138.54534222626776
160.31593160261664
182.01585923337856
201.95614596863527
218.61430558780262
230.7579746868743
237.546501830331
238.5948889954196
233.98997032755
224.25672629095865
210.28092404962953
193.20084926862853
174.28446793206265
154.8085571398684
135.95363500901382
118.72393212423076
103.89642271404021
91.99819575809968
83.30796862055622
77.87565995232768
75.55356577365382
76.03345364676542
78.88530096126692
83.59496218618554
89.59937997222882
96.31884613781227
103.18622722749768
109.67308173996624
115.31237321457981
119.71720387302399
122.59480784584564
123.7550446687182
123.11284964484067
120.68449483501844
116.57801767463145
110.97868906825387
104.1308280221269
96.31755521070563
87.84017483049982
78.99877883572057
70.07540711196334
61.320720288017014
52.94470858032817
45.111530013302605
37.938195003360576
31.496526876515993
25.81764704535234
20.898160144160475
16.707235667994954
13.193876819898382
10.293808444862096
7.93557845522808
6.045628890058777
4.552237067578556
3.3883437712243842
2.4933695326417844
1.8141721688589318
1.305322582914555
0.928877240374504
0.65381120295513
0.4552513825173588
0.3136211075077793
0.2137782627335562
0.14420296003454544
0.09626852234737386
0.0636121530183253
0.041608950840510806
0.02694440701820603
