0.010516774110274858
0.12191195521903085
0.7068353428076257
2.7335958194328884
7.93618716043863
18.46116026111558
35.881819417719306
60.04504039522024
88.57491730353945
117.56516708167396
143.19974269529865
163.3775933415037
178.4021367732551
190.4020702783347
201.90090837928057
214.35590405410397
227.3751370033433
238.8718670392713
245.94254442530698
245.9926841711071
237.64188051255826
221.13265582296117
198.21211002037407
171.6399893311571
144.55242784185864
119.885932931371
99.9834969620467
86.41208362522973
79.95251225242507
80.69246088132994
88.15663967866632
101.43120982507148
119.26698086877232
140.16675920063796
162.47157415987493
184.4589467204513
204.4577920447718
220.97391858793088
232.8116598126273
239.17352321855898
239.72149895881617
234.58982346571767
224.34750174582305
209.9174160760488
192.46539867348784
173.27601303109225
153.63170091181726
134.7089667827459
117.5004852115451
102.76670204838742
91.0157769470676
82.50733025382254
77.27370509986582
75.15221985201777
75.82276967956997
78.84661999090906
83.70382386762616
89.82802070350714
96.63823597289804
103.56767184287368
110.08945249133134
115.73903480246095
120.1326966806753
122.9813219224285
124.09870355727112
123.4038102968432
120.91686669276761
116.74960876046765
111.09059688641477
104.18690480770633
96.32378729928229
87.8040222597175
78.9285224705449
69.97954652554978
61.20745721197533
52.8215394690881
44.984958902597626
37.8135660460679
31.377966030828095
25.70809520850674
20.799475894537085
16.62034456886106
13.118945479423964
10.230424550171621
7.88292207170674
6.002624759196233
4.517681891860638
3.3610061526347588
2.4720631121238803
1.7978045284287887
1.2929236672255138
0.9196115543158926
0.6469780088283195
0.4502767243587277
0.31004488606161773
0.211238899022874
0.14242151148785365
0.09503351321454433
0.06276588219524591
0.041035655122976925
0.026560380946205803
