-0.31129105863381773
-1.1018174980384652
-1.9324136627911375
-2.1617817339559684
-1.4021772396936782
0.7230647585060861
5.2004863246610045
14.001153285966394
29.889484656100947
55.63927013105775
92.8417290904478
140.71578470526873
195.4681041704942
250.62927697097325
298.4031313292811
331.604345483551
345.4856042115147
338.81457704551326
313.90024446552025
275.6926049263166
230.3839583624361
184.01771575516258
141.48452087704237
106.06042610654131
79.43236787749609
62.032801667345176
53.48080622549513
52.97304312988713
59.54289380913128
72.17571144817566
89.81446203736674
111.30982144449449
135.36744337073367
160.53086003894634
185.2188910284286
207.81713680080324
226.80779567288357
240.9127402463594
249.22224384087
251.28545403730854
247.14709991230214
237.32569428295793
222.73913344015986
204.59192481750952
184.2428979017921
163.07278984329986
142.36810261344982
123.23231973481799
106.52942487026068
92.85903401200976
82.55828787826078
75.72337889540817
72.24314185273347
71.83809534736199
74.10008398488942
78.52963995383817
84.56988561932809
91.63695802110404
99.14747301916252
106.54354461718856
113.315517652835
119.02207847721803
123.30697662583734
125.91136076240852
126.68076924068568
125.566111075349
122.61846086747363
117.97807098246106
111.85856679732319
104.52774022547209
96.28662626305982
87.44860724049974
78.32014697645319
69.1844496990991
60.28892379878811
51.83687326271054
43.983401487854344
36.83514231533271
30.453163505427057
24.858231703208887
20.03758151862442
15.952377978784018
12.545176683269586
9.74684201437924
7.4825546590783825
5.676703904616565
4.256602231312006
3.1550707168622822
2.312020660240643
1.6752012586408402
1.2002998971967436
0.8505770585892863
0.5961988394597523
0.41340285038467767
0.28360305333513036
0.19250968623322295
0.12931432654161054
0.08596866791792367
0.05656911846339858
0.03684762541972217
0.02376155154289805
