0.01760400981146049
0.19021056247851492
1.0281042997374612
3.7078133838436034
10.044075013043313
21.823906084396988
39.6974968973554
62.385409208169925
86.94532564688616
110.12559677351828
130.0017746643577
146.85116544553674
162.73483282602456
180.0827056489822
200.1215105871738
221.96516196218204
242.7362112940698
258.546674171367
265.8255301385965
262.4407135764449
248.25765155982427
225.05791361474735
195.97546844978754
164.7215313495258
134.85809763148848
109.2879615666246
90.01325075160527
78.12182763291578
73.91373570694448
77.07719851493337
86.85006745802154
102.13883168791341
121.5981170850591
143.691086070143
166.7543120984869
189.08316082261305
209.04100858654064
225.18310424772082
236.3773738492168
241.90182032401538
241.50130179186337
235.393843758238
224.22592321431685
208.98493916058626
190.88343982394213
171.2325652538046
151.32149918522632
132.31622488256858
115.18574896322903
100.65850840889267
89.20701154579815
81.05557429774782
76.20451934161835
74.46422426329094
75.49348929203595
78.83830249857418
83.96871413447191
90.31283761945174
97.28779806079143
104.32774396458451
110.90894115879718
116.57166090229583
120.9382439966907
123.72651883682427
124.7577598714356
123.95861061292061
121.35681897268759
117.07115902513237
111.29644281018288
104.28496533711362
96.32600610733375
87.72509532359324
78.78464211337021
69.78724594717028
60.982622737710244
52.57863551496575
44.736486458949805
37.56975255843407
31.146665445855817
25.494863233356753
20.607777768933673
16.451850567824486
12.973872002561942
10.10788468894133
7.781257551087874
5.919699804900581
4.4511278119994255
3.308412501658157
2.431116814311925
1.7663821587047706
1.269144321880733
0.9018586415169795
0.6338981679837947
0.4407632751657346
0.30321201156030947
0.2063914252986659
0.1390238371518977
0.0926800780701698
0.06115460555830771
0.039945037102290276
0.02583043279974467
