0.010826729120483432
0.1250410247945267
0.7223027218466687
2.783146287652988
8.050543833549769
18.659647899015745
36.139731978746305
60.27191937535345
88.63022434547923
117.31659547512432
142.59757381420542
162.5019889685015
177.4529492636329
189.6331548557945
201.53030807654523
214.49241608972642
227.98922908330022
239.81580329095218
247.00447053620834
246.96035372043056
238.35419390980266
221.5067413741187
198.24458833608122
171.38910249658127
144.11115189260724
119.35546775229709
99.4533017785382
85.94877317550797
79.5968377362981
80.46190020290648
88.05076796683517
101.43757297556516
119.36611622725376
140.33587637913368
162.68699987245648
184.69770537515075
204.69870822660585
221.19850150187608
233.0048678144985
239.3243790142785
239.8234639775968
234.64084280534522
224.34967927971977
209.87634613744788
192.3892418350673
173.17444237028332
153.5148550523666
134.58652900501986
117.38097214464702
102.65700160652665
90.92093340273614
82.43054205323905
77.21648190308991
75.11463943002595
75.80378018304303
78.84434479222242
83.71584056158552
89.85159954328998
96.67053381549407
103.60588465135835
110.13093271451834
115.78138034433323
120.1738168046641
123.01948340791546
124.13255859484248
123.43240648965039
120.9396392952219
116.76635582793115
111.1014390523739
104.19223260334243
96.32419996355
87.8002626209976
78.92141259413593
69.96992841115335
61.19614198299239
52.80926737275797
44.97237121186849
37.801188785531856
31.36620447034175
25.697237361300804
20.78970285280889
16.611745395175323
13.111534499464698
10.224159194806973
7.877719821389462
5.9983781839849755
4.514271201083915
3.358309031068413
2.4699619030746316
1.7961910217317199
1.291701866789495
0.9186988478839331
0.6463051582360086
0.44978705459719726
0.3096929911867891
0.21098911487574545
0.14224633845090923
0.0949121127196741
0.0626827215179406
0.04097933708118508
0.026522667917868677
