0.00019040066329880457
0.0032363424400286027
0.02715951877689753
0.15144824273228258
0.6328330040406366
2.114968044431567
5.889938036281691
14.05930441980692
29.364537034963583
54.5166951730239
91.09161277973718
138.3677393073729
192.66527317241804
247.6347616036096
295.555492940508
329.23994107356106
343.85796390676325
338.0399394263359
313.94526301684016
276.40251998749744
231.53571176233967
185.37754047236174
142.8532446918559
107.29820110811649
80.46312414477448
62.83429948116408
54.06789456737883
53.38053501740259
59.81192691381549
72.34494436026722
89.91570940129236
111.36690421868575
135.3969122282971
160.54351876122635
185.22143182934116
207.81353962176314
226.80037729674675
240.90286828632512
249.21078382841466
251.27302671257686
247.1342145905858
237.31280735943787
222.72666558315927
204.58025839321542
184.23236763561763
163.06367388803142
142.3606172866654
123.22661865232459
106.5256016916987
92.85712730485051
82.55828651610017
75.72522675476088
72.2467411698466
71.84330875812681
74.10673583846159
78.53751785161928
84.57874323007997
91.64652006221287
99.15744292459212
106.55361491913348
113.32538258607102
119.0314478682779
123.31558982922667
125.91899929827215
126.68726688245616
125.57136040811393
122.62241573764277
117.98074472052218
111.86002654818533
104.52809810316242
96.28602831320313
87.44722132170367
78.31815065969595
69.18201915136662
60.28622439640187
51.834052410856586
43.980583845611335
36.832427374128564
30.450625267932356
24.855920072666304
20.035524938230832
15.950586850832364
12.543647136124113
9.745559656696614
7.481498049463378
5.675847557288818
4.255919063705066
3.154533916344064
2.3116050008291276
1.6748839341826471
1.200060956633616
0.8503995346498747
0.5960686579381022
0.4133085966207928
0.2835356586739002
0.19246208252765215
0.12928110288694508
0.08594575178805504
0.056553493750024435
0.036837092615206214
0.023754530257296992
