0.07270917891921275
0.5914313538862475
2.4091546818484675
6.564116352585058
13.508507032650487
22.56882191056045
32.36741410398954
42.08402900733987
52.60961338472762
66.65808501580581
87.64517275635131
117.9249506083693
157.2817262627749
202.36946346836612
247.3161862198571
285.23008373342026
310.03298922776474
317.9864950638809
308.45472277197837
283.768272590734
248.3725914729037
207.63808168055036
166.72990591827897
129.81587870894424
99.71215917055848
77.90953100189897
64.83501659075769
60.190436580241915
63.248827011738946
73.04968472281158
88.48883255311162
108.33428718952169
131.2131005378715
155.61002946515944
179.90414045065648
202.45100895719352
221.70142914030296
236.33597327885914
245.38991373639513
248.3448630756632
245.17058971999322
236.31054790730843
222.61514368998402
205.23535175343676
185.4944612477145
164.7569116337864
144.31078727851087
125.27567637076454
108.54168683728258
94.73980249519155
84.23945247608346
77.16665291852978
73.4353679320098
72.78546097658636
74.82220441136
79.05419608756311
84.92821816828575
91.86076743527177
99.26658667994961
106.58459600666104
113.30132990548516
118.97154127065984
123.23523277806743
125.83016078844123
126.59889603469759
125.48981499437734
122.55187414239538
117.92358906178289
111.81719439062235
104.49940380775354
96.27045508757749
87.44318355985216
78.32372465422497
69.19513953493583
60.304843978435876
51.85626429021842
44.00470645454267
36.85705503365881
30.474648544460948
24.878521461286738
20.056156032350007
15.968933183012028
12.559586378601024
9.759117995507028
7.492808458242562
5.685112551762962
4.26337944294191
3.16044408028767
2.316214723328907
1.6784259786474043
1.2027436323452236
0.8524031728231738
0.5975449966017758
0.4143821601898613
0.2843063638708398
0.1930084665624664
0.1296637303798081
0.08621049970112638
0.0567345313082027
0.03695946377139235
0.023836311175778314
