0.007583556045094461
0.09149332495484414
0.5520545224687144
2.221573674316489
6.709611723733078
16.2300282924544
32.778165397214536
56.920814824874384
86.93992899501123
119.03846719438641
148.68818700147125
172.43305541910038
189.14909764506316
200.11236165601002
207.94532168902214
215.09676626015374
222.64213124759704
229.89497939555633
234.85349102241372
235.14184123290738
228.98391931295416
215.84730877507081
196.60799547533867
173.2911286438977
148.5654328420016
125.19184964955241
105.57674694033149
91.49959067025189
84.01224641937904
83.46326835579329
89.58901120591347
101.62530740109086
118.41537204156928
138.50980418944243
160.26626244036177
181.95817239401276
201.89615457397753
218.55703810905308
230.70755833463727
237.50600354028288
238.56622409812496
233.9738939128303
224.2529148677878
210.2881412927898
193.21717558951346
174.30756389905937
154.83592764243866
135.9828644662167
118.75286927648996
103.92330408956224
92.02170726093289
83.32725293207479
77.8902825452189
75.56345416951783
76.03882365199654
78.88658091954767
83.59272279856692
89.5942738156581
96.31155823823539
103.17743618207352
109.66342993591923
115.30244448033967
119.70750715543925
122.58576596668539
123.74698765844228
123.10601244626174
120.67901926179464
116.57395841582108
110.97602331127503
104.1294680019781
96.31736275933731
87.84097685394299
79.00038261841419
70.07761444071099
61.32333958245266
52.94756447811148
45.11447014584531
37.94109397296432
31.499287677459797
25.820200339947778
20.900461902286462
16.70926370795512
13.195626760431798
10.295289508271201
7.936809466928383
6.046634716306045
4.553045633705185
3.388983716606583
2.4938684910150997
1.814555615194715
1.3056131597997924
0.9290944648550264
0.6539714553206785
0.4553680875756147
0.3137050328849419
0.21383787469058618
0.14424479301155504
0.09629753252621903
0.06363203786869961
0.04162242564783352
0.026953435897544925
