0.0077835508167407655
0.09361811073608617
0.5631451091775076
2.2592849227888956
6.80278548826895
16.405911056685266
33.03538317840078
57.20280466266711
87.13275059810186
119.00698879601487
148.3392955117149
171.7728630910167
188.30054727810887
199.28092912996792
207.34850850640083
214.89000887551308
222.87181165711024
230.49310564104394
235.6693954115264
235.99340972635576
229.70805939313695
216.33471545155174
196.8162399476955
173.23831957737673
148.31163592432165
124.8165979535723
105.1592829102229
91.10548003620555
83.68707701987387
83.23213079626845
89.45958629091523
101.59244841026738
118.4656617671447
138.62529251639586
160.42718483490032
182.14480272446116
202.09006747122706
218.7420208267665
230.87030754107775
237.63663819442698
238.65858058316215
234.02555416908245
224.26494263618972
210.2645464938993
193.16417241834372
174.23271962635744
154.74730919073411
135.88827875486317
118.65926664900435
103.83637999846721
91.94570391033947
83.26493594660585
77.8430512549715
75.53153821058314
76.02152150605372
78.88250474871555
83.60002521097603
89.61084325034126
96.33517861873833
103.20591249432172
109.69468443540505
115.33458890868157
119.73889550492564
122.61503084252871
123.77306184990667
123.12813636681787
120.6967346229162
116.58708880544926
110.98464305896829
104.1338615705731
96.31797766121178
87.83837356381795
78.99518504572836
70.07046422331783
61.314856833625946
52.93831677261435
45.10495059975051
37.931708381443514
31.49034992495385
25.81193475190242
20.893010892236333
16.70269897896624
13.189962410767185
10.29049561738695
7.932825044404551
6.043379231520701
4.5504286658617135
3.3869125434284237
2.492253653182434
1.8133146469878905
1.3046727678538874
0.9283914756703368
0.6534528504465381
0.4549904160061564
0.31343344489728103
0.2136449697145619
0.14410942322215956
0.0962036582853164
0.06356769335584073
0.04157882378869621
0.026924220645794337
