0.00024070805883702614
0.003964503109602382
0.032648023898573394
0.1792395224031603
0.7380264405284669
2.4310844999244012
6.6733968020053585
15.701714300219361
32.32624692339829
59.15767157103758
97.43378760196244
145.8867747336642
200.2326469749526
253.68484517682538
298.45300570108344
327.7247941439777
337.40323785230663
326.99620556871764
299.43666672221457
260.03662391873297
215.0453580971667
170.3123186906603
130.39376900066748
98.2071193729371
75.13928078470661
61.41443992392789
56.52329855015628
59.57486040676344
69.51025029207868
85.18404747397052
105.35776729366195
128.66208298065771
153.57634889101263
178.45511778541734
201.60958867244315
221.43295767733915
236.54588345719864
245.93316045500453
249.04497546516401
245.84419271888584
236.7924295448968
222.7793769596927
205.00933184485177
184.86453221660202
163.7660389460873
143.05008458488297
123.87229385058947
107.14559173446538
93.51147292308849
83.33970157331831
76.7489566421213
73.6403919231528
73.73708919924754
76.62428960286745
81.78742659979075
88.64682688555136
96.58918089364906
104.99642453561239
113.2726128444775
120.86891301052367
127.30624743039628
132.1946021111341
135.24774124792748
136.29210855774105
135.26903954569033
132.2299794207885
127.32508224333063
120.78623081489064
112.90605168325513
104.01482692790239
94.45728852967602
84.57112954294381
74.66872199745748
65.02306076061181
55.85843093559885
47.345795171927044
39.60247376694866
32.69538175010831
26.646908612238548
21.442473634521082
17.038843518543775
13.372430718788205
10.366968808996205
7.940155421209612
6.009039116061303
4.494086476752412
3.321989817995231
2.4273609991300122
1.7535050635786331
1.252484457262
0.8846778701827228
0.6180151189505154
0.42703807700971513
0.29190328388072995
0.19740877602404505
0.1320985891249785
0.08747466235392082
0.05732787834905884
0.03718734066321072
0.02387895165994874
0.015179958528654192
