0.00788684076517847
0.09471232051207433
0.5688390366449455
2.2785818700662817
6.850285312124308
16.495177019520593
33.16515716884445
57.34370024359244
87.2265809373382
118.98559444945406
148.15675962019637
171.43416345442188
187.8697388196976
198.86300466287761
207.05327887742834
214.79470118765028
222.99781915784934
230.8039872500325
236.08748489963403
236.42601453069923
230.07295976694203
216.57749594058728
196.9165663382766
173.20642118771366
148.17870168452097
124.62332051248929
104.94588801860542
90.90504040733082
83.52242824464426
83.11569864230965
89.39500944744846
101.57692648184118
118.49226633420214
138.68484941734093
160.50963574007923
182.2401297940894
202.1889232848318
218.8361854087602
230.95303993349032
237.7029367346432
238.7053332983856
234.05155336494062
224.27075064435866
210.2522227446997
193.13689536865775
174.19435310436882
154.70196780684543
135.83994131225526
118.6114728265571
103.79202814343638
91.9069507102306
83.23318519332493
77.81901054635739
75.51531946677216
76.01276269815015
78.8804947082753
83.60381914678344
89.6193622317748
96.34729084430002
103.22049721342447
109.71068093334736
115.3510332978791
119.75494762867288
122.62999283424226
123.78638915640038
123.13944156086937
120.70578418290035
116.5937931999352
110.98904084049994
104.13609862338171
96.3182831364048
87.83703427827041
78.99252016740482
70.06680191136421
61.31051417913793
52.93358395291898
45.10007968270328
37.92690676081174
31.485777984582064
25.80770707768726
20.889200189843518
16.69934180696325
13.187065885473716
10.288044361590515
7.930787808882935
6.041714789772241
4.549090746983585
3.385853710559263
2.4914281467316113
1.8126802902414223
1.3041920792371307
0.9280321517010736
0.6531877824797445
0.4547973888166901
0.31329464195499523
0.2135463835888927
0.1440402435226835
0.09615568624762258
0.06353481286523717
0.04155654369402613
0.02690929245771769
