0.007518083341028872
0.09079595034371679
0.5484046409041775
2.209126668372682
6.678757658158842
16.17155747823702
32.69221221978337
56.8257908566563
86.87350244582187
119.04580117776129
148.80100659436596
172.65041261713685
189.43108488300962
200.39108824790577
208.14815529783363
215.17107629354172
222.5712546982311
229.70039507060366
234.58458632049627
234.8589991459144
228.74167624411004
215.6826159072647
196.53565491171443
173.3057252492809
148.64740919422835
125.3149574554193
105.71464816774426
91.63037013104159
84.12057295119023
83.54062061309783
89.63268401724903
101.63690166777621
118.39927888846726
138.47195394033525
160.21321027240978
181.89647314658768
201.83193671321257
218.49569711991504
230.65352378407087
237.46256850039558
238.53544735066842
233.95659077193162
224.2487446561538
210.29578480975772
193.2345809056247
174.33222842169064
154.86518103194965
136.01412060957935
118.78382432771416
103.95206887360746
92.04687342234824
83.34790104094864
77.9059458492964
75.5740536521507
76.0445891041127
78.88796985278648
83.59034529579759
89.58882775342303
96.30377634293394
103.1680443855058
109.65311547851606
115.2918319805566
119.69714113794657
122.57609883259173
123.73837255660762
123.09870082058089
120.67316294902938
116.56961606933287
110.97317069276482
104.12801140111118
96.31715455129728
87.8418320486799
79.00209522522213
70.07997257109241
61.32613842199965
52.95061653742758
45.1176125079143
37.94419254842694
31.50223872692696
25.822929702634468
20.902922474526406
16.71143174657431
13.197497556048098
10.296872898948752
7.938125561430573
6.0477100855002
4.553910122385113
3.389667935923392
2.4944019794218155
1.8149656051081315
1.305923856946845
0.9293267344391453
0.6541428096908045
0.45549287976136493
0.3137947753154902
0.21390161946341807
0.14428952688620886
0.09632855486853681
0.06365330225447212
0.041636835493366144
0.026963091442205635
