0.0075340300076969
0.09096588592245723
0.5492944922585957
2.2121629505336076
6.686288735007065
16.1858399025335
32.71322794515712
56.8490606127127
86.88983494786636
119.04415376476007
148.77359461324886
172.59741776274913
189.36221068745272
200.32289855838744
208.09840643747123
215.1526680407784
222.58831456490012
229.7477284907214
234.65016215967927
234.9280754484297
228.8009171136155
215.72296717375127
196.5534687453076
173.3022964011735
148.6274958338583
125.28496222944604
105.68100427283115
91.59843616191486
84.09410192532981
83.52170235329018
89.62198634150862
101.63403863600331
118.40318110983249
138.48117454750707
160.2261487566632
181.9115285005718
201.84761179506313
218.51067371079367
230.66671954930231
237.473178660993
238.5429685577207
233.96082334036723
224.24977120632394
210.2939269444449
193.23033920849394
174.3262135987559
154.85804484026312
136.00649433371998
118.77627041759978
103.94504860281884
92.04073072055206
83.34286049780543
77.90212154963493
75.57146502022233
76.04318016619733
78.8876290301634
83.59092375059421
89.59015520368862
96.30567398915194
103.17033507834337
109.65563150626384
115.2944209111064
119.69967008344318
122.57845738525592
123.74047452811004
123.1004848402162
120.67459195152038
116.570675727212
110.97386690511144
104.12836701922832
96.3172055828356
87.8416236198325
79.00167758796741
70.0793974182386
61.32545572210491
52.94987203353975
45.11684594908847
37.943436651240944
31.501518803790933
25.82226384973401
20.90232218679526
16.710902819418862
13.197041140846656
10.296486597542021
7.937804469514509
6.047447721832715
4.55369920664744
3.3895010005437114
2.4942718183041683
1.8148655745834559
1.3058480516385165
0.9292700638696137
0.6541010013224791
0.45546243180480855
0.3137728789894945
0.21388606623293757
0.14427861210323803
0.09632098556905697
0.06364811381898963
0.041633319521880555
0.026960735496892516
