0.025096296787554817
0.2564857552504577
1.3114992270544286
4.476029236789357
11.481710709702046
23.652931232793303
40.8865580301029
61.32229635692523
82.17760385076438
101.31636271732052
118.50250580729805
135.48248730409915
154.8361964684824
178.29482195170664
205.46000106405648
233.53762962754314
258.1256535769199
274.62040742341765
279.62639289775603
271.86898141413286
252.39131133632364
224.1096016937892
190.99212537846637
157.17577210219835
126.26510180465556
100.93188947998233
82.80980775780122
72.59886808061862
70.26868121365095
75.2672848639382
86.68184723415781
103.33855346406176
123.8581951044258
146.69666820849343
170.19753567268162
192.67231749383154
212.50934333201775
228.29897471807325
238.9550792021595
243.81107241926165
242.67308994442178
235.82107535779892
223.95831289846177
208.1187735981009
189.54775475577324
169.5737595215559
149.48843866667468
130.44753269542193
113.40038180418539
99.05004788565704
87.8414979536844
79.97227459175859
75.41879014555498
73.97159298100267
75.27418531981827
78.86166426785017
84.19711601530784
90.70497685050483
97.80132798855362
104.92132679491075
111.54382662064282
117.21289106593986
121.55555649929649
124.29498706852019
125.25818114576565
124.37763851110589
121.68683535972673
117.30989224664586
111.44635656075899
104.35246221404205
96.32050609676399
87.6580590242145
78.66860981218923
69.63495690280769
60.806265766308385
52.38926463300249
44.543616621126716
37.3811329308745
30.96821310244297
25.330729832108553
20.460516056436433
16.32264620158777
12.862808413964414
10.014213499463368
7.703653297717034
5.856484415783409
4.4004565909830315
3.268418773582526
2.400016550454186
1.7425427645126756
1.2511234163743221
0.8884192868426557
0.6240068675727953
0.433576404710344
0.29805540747420606
0.20273681503808189
0.13646478834284262
0.09090925342274125
0.059943381023119385
0.039125982835204666
0.025282759858920638
