0.007525800298099043
0.0908781926349376
0.5488353311795631
2.2105963709163623
6.682403425320207
16.17847239155007
32.70238873376934
56.837061764768485
86.8814185282253
119.04501519742651
148.78774672312196
172.6247627988017
189.39773953862138
200.3580652723165
208.12405269446177
215.16214310273017
222.5794939039094
229.72329589437018
234.61632645317334
234.89244180287935
228.77036360922637
215.70216207399073
196.54429116406888
173.3040761870159
148.6377769716267
125.30044122740381
105.69836257771999
91.61491001286305
84.10775600630298
83.53145931547907
89.6275022635846
101.63551301588154
118.4011658465353
138.47641613763844
160.21947287003675
181.90376101713616
201.83952499340072
218.5029475633865
230.65991234455112
237.46770550766288
238.53908906837975
233.95864047847385
224.2492423045702
210.2948860547977
193.23252805668537
174.32931710782478
154.86172676345248
136.01042899304724
118.7801676522082
103.94867045225251
92.04389976392336
83.34546088217162
77.90409443089199
75.57280038841937
76.04390690767097
78.88780471633666
83.59062517352015
89.5894702172991
96.30469484071826
103.16915316313207
109.65433335011984
115.2930851566238
119.69836528981783
122.57724051364477
123.73939004423045
123.09956440570508
120.67385468816647
116.57012902572217
110.97350772074554
104.12818356113313
96.3171792724728
87.8417311742294
79.00189307972475
70.07969417672936
61.32580796644551
52.95025616306785
45.117241455770035
37.94382665544185
31.501890246024146
25.822607393671984
20.902631901963655
16.71117571594877
13.19727662488909
10.296685906572279
7.937970134001106
6.047583085822224
4.5538080264366005
3.3895871290181283
2.4943389734243366
1.8149171841160001
1.305887162423387
0.9292993022990184
0.6541225717743899
0.45547814099330375
0.3137841760754715
0.21389409068494006
0.14428424341382498
0.09632489082652856
0.06365079070585875
0.04163513352721446
0.026961951005515315
