0.0009438467209015763
0.014036790251113167
0.10437684509639511
0.5174272398542111
1.9237814498317347
5.722058495053421
14.18299314882243
30.132650545261814
56.01653316041099
92.5647615853158
137.6653019710247
186.13400869897052
230.71288376271275
264.01572887915205
280.6509482066897
278.6768937354257
259.89762147435306
229.0450755725617
192.3150288234884
155.8537306182257
124.64703110141824
101.9880347788497
89.45128009107013
87.17186028410661
94.22299830366242
108.95718422020722
129.2643515235478
152.7640712031612
176.97283694922206
199.478845642793
218.13171460665643
231.22972416483864
237.67313920379178
237.0524502564974
229.65253153655814
216.37188513099176
198.5737883446327
177.89819969139342
156.06723846031403
134.71320611694708
115.24879483043892
98.7876101995729
86.11254902953458
77.6821034046325
73.66121930312136
73.96365030533913
78.29573549976045
86.19578160100295
97.06741434241034
110.20842031622082
124.83824536751634
140.12742531365947
155.23112088356126
169.32712795390597
181.65679909898222
191.5657315315789
198.54018446761054
202.23513160934345
202.49059309343858
199.334238374195
192.9699266374805
183.7535446237658
172.15893338354604
158.73766126655565
144.07679720791072
128.75866784201793
113.32593537198308
98.25436244160726
83.9345136241645
70.6625516164221
58.63935781673379
47.9765311727347
38.707432724677
30.801335401337973
24.178863025027127
18.727192137220683
14.313872092423713
10.798525716161693
8.042071411848083
5.913422311667028
4.293851005810614
3.079356807782648
2.1814447793544867
1.526736870264686
1.0558031907388963
0.7215428157251244
0.48737328282737674
0.3254172179216337
0.21481070386360065
0.14020515244318943
0.09049394617947487
0.05776651890085078
0.036474255180147123
0.02278250876708358
0.014078998248878788
0.008608871236093489
0.0052092241043669
0.0031196032898051945
0.0018491466557854913
0.0010850112076431356
0.0006302782009515811
