-2.7018139482169593e-6
0.0023965995473903415
0.025333027958235773
0.14879671322746543
0.6299347570363608
2.1124007827456066
5.887965267573436
14.05785471454986
29.36337223426365
54.515602949651694
91.09053757529206
138.36683447707262
192.66487869478405
247.6353169179203
295.55740748850536
329.2434619934177
343.86308545473645
338.0463842229332
313.95253729560085
276.4100179665644
231.54283047470264
185.3837697907469
142.8582130689916
107.30167668121518
80.46498533081193
62.834495170650364
54.066411964715776
53.37738609842191
59.80715590706926
72.33865130664591
89.90808016600211
111.35823574234371
135.38762306635766
160.53413844112902
185.21256737164057
207.80582268378834
226.79439973316545
240.89911657171038
249.2095832156308
251.27450418226368
247.1382860749773
237.31919027271937
222.73491337546602
204.58981055730055
184.24260689437514
163.07398231095024
142.37042455908895
123.23543811568491
106.53305244839397
92.86294306574459
82.5623135701576
75.72741429615962
72.2471272774629
71.84200478616107
74.10391111672024
78.53338567671481
84.57354836206069
91.64052744519398
99.15092715552868
106.54685005398788
113.31863210953374
119.02495495754029
123.30956831805379
125.91362592444294
126.68267544329284
125.56763835343405
122.61960352339973
117.97883797431582
111.85898081136962
104.52783566167753
96.28644644735344
87.44820121479056
78.31956621059044
69.18374502567549
60.28814280290485
51.83605827678734
43.98258825805227
36.834359331011555
30.452431923233473
24.857565756590677
20.036989282395236
15.95186235489761
12.544736484596923
9.746473043524151
7.482250704598173
5.67645760343963
4.2564057705731395
3.1549163687793937
2.3119011590237952
1.675110038603701
1.2002312167117422
0.8505260361409457
0.5961614268340705
0.4133757649910195
0.28358368767541964
0.19249600830437985
0.12930478097054213
0.08596208417843255
0.05656462974879268
0.036844599662524236
0.02375953462508775
