-0.10862146857080457
-0.6182430189914686
-1.7464179125942816
-3.216568399635376
-4.139802582640571
-3.220730917079643
1.1105371514163602
10.813234739904248
28.27934624289749
55.86819243029238
94.8597574891414
144.25195940943442
200.0719006968621
255.7067949233782
303.29195550714115
335.6890828648559
348.31829588039716
340.19479998299926
313.8876293350416
274.5538755085572
228.50024991895603
181.7863486316395
139.242952749565
104.04563715586161
77.77447827779847
60.77253249672819
52.597755914291156
52.4140102494186
59.24390770414016
72.07573247797954
89.86165523270365
111.46266832223282
135.5931069278421
160.80270231111655
185.5143179832029
208.11628933140975
227.09313431415578
241.16929844870944
249.43821575409638
251.45278993652303
247.2618602376738
237.38802360556298
222.75282834302826
204.56366278057604
184.18125464343558
162.9871959101591
142.26787992099187
123.12590450296395
106.4238368904036
92.75960499130852
82.46862264398231
75.64549756821349
72.17773988042241
71.78485962253819
74.058013430013
78.49733369164103
84.54577737319748
91.61948898311472
99.1352055881936
106.53522574567322
113.31010343362061
119.01873186988833
123.30504880863803
125.91036435686772
126.6803492431773
125.56601716092365
122.61852301414385
117.9781791491532
111.85865462716845
104.52777234103753
96.28658856339061
87.44849960481254
78.31997785133628
69.1842321444911
60.28867266320794
51.836603236451914
43.98312584083547
36.83487216649062
30.45290749779835
24.857995978129246
20.037369897785464
15.952192276762503
12.545017086851333
9.746707478722534
7.482443284170723
5.67661326788422
4.256529663064037
3.1550135140329325
2.311976240451617
1.6751672609861301
1.2002742386051986
0.8505579554983216
0.5961848042567569
0.41339267103593086
0.2835957631802028
0.19250452934886464
0.12931072257262105
0.08596617895231265
0.056567419456253265
0.03684647885601415
0.02376078645602705
