0.007602143787147139
0.09169114905107491
0.553088992839568
2.225098191224641
6.718339289427899
16.246547124767577
32.80240848513226
56.94754520293951
86.95848572514522
119.03611246058199
148.65602740313395
172.37145669279374
189.06942155861677
200.03382647339967
207.8884180254168
215.07627671204483
222.6626508842005
229.95033823649646
234.92967272920671
235.22177205476333
229.05222049480352
215.89359654934017
196.62815115876143
173.28673694421153
148.54205631803217
125.15692127040941
105.5377081149201
91.46262203324636
83.98166328946198
83.44146177429424
89.57673163633635
101.62209256474887
118.41997509118583
138.52054637281142
160.28129045256094
181.97563416141708
201.9143190325416
218.57438150628437
230.72282991629922
237.5182737311686
238.57491215813943
233.9787705453439
224.2540774883562
210.28596383956864
193.2122390081726
174.30057637507
154.82764460298256
135.97401734431907
118.74410953715758
103.9151658233723
92.01458851506811
83.32141345186068
77.88585405194978
75.56045874470888
76.0371960688626
78.88619157842018
83.59339897866685
89.59581799126569
96.31376304767322
103.18009620191611
109.6663506999154
115.30544924697998
119.71044185014603
122.58850258560885
123.74942628620451
123.10808195073746
120.68067670098151
116.5751872201229
110.97683037069558
104.12987986772116
96.31742124009092
87.84073433138887
78.9998974150296
70.07694654479477
61.32254697646785
52.946700237349766
45.113580387388154
37.940216651663704
31.4984521555495
25.819427605901137
20.899765285024976
16.70864992363036
13.19509713747594
10.294841257552356
7.936436892497453
6.04633029355345
4.552800911844334
3.388790028458191
2.493717473530591
1.8144395585065927
1.3055252111426967
0.9290287173314062
0.653922951327524
0.4553327639661321
0.3136796307047497
0.21381983150075135
0.14423213105216828
0.09628875171341685
0.06362601908446967
0.04161834704782922
0.026950702992903076
