0.007857699031616386
0.09440382149344757
0.5672348944419379
2.273149743218975
6.836926140223078
16.470098506340765
33.12875111286421
57.30426876502594
87.20049528628502
118.99197407921031
148.20841275592454
171.52956387842133
187.99077845059784
198.980139284768
207.1356981417183
214.82082225929975
222.96177776743406
230.71615222359983
235.96975672897847
236.3044518073354
229.97062339209808
216.50960134583502
196.8887448545387
173.21572864351174
148.21632824807108
124.6778118842232
105.00594267044715
90.96138068166135
83.56865908788288
83.14834998744823
89.41307656300485
101.58120882875949
118.48471842486366
138.66805300009605
160.4864185017412
182.2133066410624
202.1611200888917
218.8097109913226
230.9297874268728
237.6843104554446
238.69220645161505
234.04426392401243
224.26913909602413
210.25570884217382
193.14458445557537
174.20515806231882
154.71473125173708
135.85354427720247
118.62492001509537
103.80450474276178
91.91785055470395
83.2421138798375
77.82576945440987
75.51987746839065
76.01522191323016
78.88105540218216
83.60274724704543
89.61696135661651
96.34387945406168
103.21639063907777
109.70617760354368
115.34640439301704
119.75042951385377
122.62578183795961
123.7826384684294
123.13626015864439
120.70323773693129
116.59190686351283
110.9878037256487
104.13546964089966
96.31819776832911
87.83741178277724
78.9932707030689
70.06783311118033
61.31173679548583
52.934916316567154
45.1014508530325
37.928258372628925
31.487064904797418
25.80889706355127
20.890272785769675
16.700286730530774
13.187881140069928
10.28873428053316
7.931361191734224
6.0421832432841285
4.549467296812828
3.386151709787057
2.491660475759823
1.8128588205850427
1.3043273605947017
0.9281332761297716
0.6532623797675636
0.45485171138336344
0.3133337041426249
0.21357412763931952
0.14405971186543817
0.09616918627935907
0.06354406583790112
0.041562813533757084
0.026913493363766573
