0.028029246989976216
0.2810832295573863
1.4103835794298993
4.72406892849142
11.89591932611708
24.069656113330307
40.906662434882264
60.43250289639442
80.03281028993895
98.02377351286347
114.71638247835088
132.22828569675374
153.14469005516202
178.8249121877272
208.2750025779908
238.1069182985251
263.51884020799525
279.7956542346631
283.7034460159319
274.30830748065154
253.04952229851466
223.18619078669636
188.90998533709518
154.44446697642138
123.3657544469395
98.2442356662634
80.58384950236425
70.96114392346563
69.24816962680221
74.82705971405633
86.74707637905506
103.81659280221892
124.65060696625967
147.70529152160768
171.32737967594744
193.8335778993068
213.61985970604312
229.28744510860906
239.7646134289363
244.40230881569659
243.02609906170917
235.93552783821832
223.85176705496545
207.82331739178687
189.1055238376327
169.0319976167015
148.89476204990655
129.8459348269966
112.82831588674615
98.53670767255306
87.40722605034121
79.62889213341585
75.17057304914385
73.81661286593874
75.20577190299615
78.8698103482182
84.26971684154256
90.82885808824668
97.96306221662289
105.10786496735003
111.74298032160524
117.41369845154559
121.74855523630919
124.47240647030718
125.41405678742228
124.50784786639483
121.78905282148172
117.38346543349125
111.49211153957354
104.3724514457807
96.31771801741569
87.63611114600904
78.6314475928811
69.58657845592155
60.75048827898723
52.32954288996479
44.48291815626249
37.32186882366906
30.91221890471295
25.279287913593937
20.414408914023333
16.282229894816535
12.828096025987538
9.984960050849578
7.679435513457277
5.836770847329685
4.384665573170715
3.2559633787483224
2.3903369969997783
1.7351276219728362
1.245521453428779
0.8842439956699911
0.6209356461082641
0.43134616778270757
0.29645610001065087
0.201603973004866
0.13567197723841926
0.09036093601395978
0.05956853867830993
0.038872641453809524
0.025113448546777863
