0.008717701447635158
0.10343872102397049
0.6138370481781179
2.4295844104581246
7.217872260558864
17.176823500374947
34.13852177544847
58.36919456269211
87.8522138858413
118.70098903228661
146.6417781973843
168.76874844431177
184.57943652338272
195.76434897504802
204.97098233888704
214.2809820911117
224.16836868443303
233.33813652947936
239.3663252183644
239.73654387611654
232.8000390424499
218.32918371933158
197.5640003069832
172.85042133247387
147.07271416676002
123.08510875960565
103.2827032761099
89.36494418304365
82.27322796535796
82.24559297644456
88.92617152718674
101.48389899054597
118.71955671308305
139.1609795473162
161.157147388419
182.9823120572377
202.95439962763808
219.5622889875663
231.58846259037358
238.2097227619786
239.06004467229292
234.24538843935503
224.30850838431437
210.15019084859856
192.91992450047533
173.8925038466839
154.3471551180495
135.46295535943605
118.23964791481684
103.44769570805613
91.60668009891965
82.98771144224766
77.63368429648547
75.39089198252425
75.94633139048818
78.8664696270197
83.63481567938138
89.68696882577945
96.44269568052826
103.33498109508366
109.8359953087
115.4796846668576
119.88040602458614
122.74683606365662
123.89038876999952
123.22759282030205
120.7762812186846
116.6459518842875
111.0231748233026
104.15335746396055
96.32046452507102
87.82638424594377
78.97153554275202
70.03804807078666
61.276468606284915
52.89651273251265
45.06195032634762
37.889337201941366
31.450018585188495
25.77465031525306
20.859411438593977
16.67310425510302
13.16443299867627
10.26889421124463
7.914874810921286
6.028715740311912
4.538643326540241
3.377586740907696
2.484983756683325
1.8077287573771839
1.3004404779125387
0.9252280906198589
0.6511195067706509
0.45329140311813315
0.3122118293053056
0.21277738823824333
0.14350068231782956
0.09578157125833632
0.0632784171196192
0.04138282532060363
0.02679290864804357
