0.007617270086377131
0.09185208163302412
0.5539302589522416
2.227963379429838
6.7254312303457535
16.25996349492302
32.8220854246982
56.969217825859054
86.97348918095295
119.03410825484283
148.62981497853775
172.32136485383813
189.00470645260054
199.97010922217436
207.84233133778397
215.05979879469942
222.67947733348882
229.99542488263916
234.9916151030737
235.28669837626072
229.1076496346722
215.93111293679925
196.64443009950165
173.28308327047324
148.52299993118308
125.12850476502646
105.50597546893817
91.43258960188757
83.95683075376539
83.42376581440656
89.56677731121167
101.619501184415
118.42373194800251
138.52928692099974
160.29350901464767
181.98982642600092
201.92907914882608
218.58847207492667
230.73523530071483
237.52823918669247
238.58196630307552
233.9827274845437
224.25501672083624
210.28418947798673
193.20822329509681
174.29489487038464
154.8209111874147
135.96682634623014
118.7369902631399
103.9085521770023
92.00880384031849
83.31666870905559
77.8822561774087
75.55802559432306
76.03587456626833
78.88587635174397
83.59394962780623
89.5970739691538
96.31555582170127
103.1822588197657
109.66872511711347
115.30789182566649
119.7128273750693
122.59072703034724
123.75140845318803
123.10976403614352
120.68202381285052
116.57618590107876
110.9774862304912
104.13021449588993
96.31746862653841
87.8405370587449
78.99950289351082
70.07640353745253
61.3219026148599
52.945997663383544
45.112857086334195
37.93950347366579
31.4977729659659
25.818799463362875
20.89919902211105
16.70815099784272
13.194666627088868
10.2944768940969
7.936134044928922
6.046082844627539
4.5526019916806515
3.388632591461943
2.493594721469548
1.8143452242052178
1.3054537242110829
0.9289752762929189
0.653883526383564
0.45530405240440147
0.31365898351603416
0.2138051658450793
0.14422183934676003
0.09628161465185828
0.063621127023975
0.041615031979352825
0.026948481708169603
