0.007667707128228407
0.09238835583182561
0.5567317319413306
2.2374977576242245
6.749011678182316
16.304529341567317
32.88736374719325
57.04096774949164
87.02288857055117
119.02686040345513
148.54214670795778
172.15457277936517
188.7897189269235
199.75889455513823
207.69007781356723
215.00611456516447
222.73640372886322
230.14599437545053
235.19781273711658
235.50241551280027
229.2914869661841
216.0552317411694
196.69791799548537
173.2703886526413
148.45924748673036
125.03380265918305
105.40040132417074
91.33278417856626
83.87438596408555
83.36508085603596
89.5338334275555
101.61101970559949
118.43632919779039
138.55842323188193
160.33417999900212
182.03703457695778
201.97815516257782
218.63530668938375
230.77645613861878
237.5613407189162
238.60538455214117
233.9958471116949
224.25810424497388
210.2782577006708
193.19484351604817
174.2759814247432
154.7985053930859
135.9429041563723
118.71331117424357
103.88655830749833
91.98956962304884
83.30089489819424
77.87029769548214
75.54994124955887
76.03148740658382
78.8848356292059
83.59578820094254
89.60125776812801
96.32152427039077
103.18945663049566
109.67662664729987
115.31601935792155
119.72076447042079
122.5981277279859
123.75800272622143
123.11535967194364
120.6865048113616
116.5795075614736
110.97966727598724
104.13132680319993
96.31762531803551
87.83987983519431
78.99818950826585
70.07459623687046
61.319758210494534
52.94365968756828
45.11045024735673
37.937130401570066
31.495513050405442
25.816709447036537
20.89731493353154
16.706490983193973
13.193234263882276
10.293264626525131
7.935126458313082
6.0452595811106065
4.55194019069928
3.3881088090084126
2.4931863374845267
1.8140313862387905
1.3052158986213636
0.9287974880558351
0.6537523681564641
0.4552085360623202
0.313590295924337
0.21375637757540375
0.14418760217263837
0.09625787213808192
0.06360485296757723
0.04160400406741761
0.02694109243288703
