0.13526175020998832
0.6936158121708453
1.7784192240359757
3.0399336093397182
3.897504103297279
3.999083277516149
3.425982434144147
2.5405201458599698
1.7303047960906148
1.2855513974029813
1.452792144084225
2.5876810094423175
5.32165111465949
10.686943428436981
20.15835198664562
35.5686477940699
58.862669576324976
91.68963144252766
134.89132050361295
188.00442147758366
248.92928557504112
313.90243032894386
377.84179469085086
435.03097190361603
480.0063645864788
508.4463601318139
517.8573785680417
507.90826389895784
480.36048020060497
438.64373065155064
387.2035750611692
330.78071355961407
273.76909031388607
219.75427090115835
171.27408808809648
129.78895549614677
95.81185531226326
69.13198816087358
49.06870909525734
34.70703450725785
25.08530705843501
19.323670244047925
16.69544975359289
16.65139356466366
18.809707031117636
22.924463532646598
28.842887892551175
36.45945482196869
45.672462651177064
56.34701136844985
68.28709005674914
81.21856325466014
94.7840210588365
108.54957532506921
122.02270135429755
134.67919995796169
145.9964180442208
155.48917162057793
162.7444981851774
167.45150453727936
169.42317315155117
168.60796886765422
165.09030752267358
159.08023276326043
150.8938167418674
140.92670287541338
129.62374410123616
117.44782149314949
104.85068204752895
92.2480886055391
80.00083933859251
68.40240978565194
57.67320848239016
47.960804559819856
39.34503603996929
31.846660000706223
25.43814897033445
20.055338123751778
15.608838709435242
11.994404997015257
9.10172960248126
6.821409435013329
5.050047609149578
3.6936231822967764
2.6693683602272458
1.9064472363379872
1.3457411922079636
0.9390257479155756
0.647783729877881
0.4418503836554336
0.29803545664538694
0.19882076897573045
0.1311925365654531
0.08563698874633181
0.05530555328754209
0.03534112282757848
0.022348290995173145
0.013986459452441964
0.008663969648220991
0.005312720088861885
0.003225166514855995
