0.014509653350862461
0.16116863844560372
0.8954742435539012
3.3192933983867317
9.239311683977233
20.618570673014418
38.48638440492627
61.967253219721066
88.2405705757937
113.67772822747408
135.54498289791687
153.22473611718306
168.22656270146587
183.03994420353519
199.54013133286838
217.80917532371205
235.89505837481215
250.50014043298034
258.1814478352791
256.5177613724107
244.82844868808257
224.28718802290578
197.5197774452109
167.9198515631074
138.93857869719886
113.53560308010582
93.87220355746138
81.23225970206215
76.0998013490046
78.30829993465868
87.19492260323011
101.7250132845818
120.58242379088158
142.24063696337922
165.03538374323188
187.25418685756327
207.24699957751454
223.55013956850397
235.0071045745008
240.86674018799135
240.84179897918494
235.11783290214095
224.31136301561781
209.3849730169458
191.53342486352346
172.05798333566705
152.24570314374913
133.26713426821007
116.10090192105254
101.48821632411706
89.91567529458385
81.62145324272156
76.61837339356443
74.72727868486034
75.61512349952419
78.83376896044459
83.85708261843436
90.11525820547584
97.02609876601691
104.02333114913402
110.58195099632532
116.24031115335639
120.61834827455776
123.4311421758912
124.49700842497782
123.73955615355669
121.18355960058972
116.9450122071669
111.21625791634821
104.24753296306578
96.32653316344712
87.75770990512781
78.84289139543586
69.864553721365
61.07267995020566
52.67570605171518
44.835620066086044
37.66690589618453
31.238739847927693
25.57967315974201
20.683966976864404
16.51877381032239
13.031458979528665
10.156500550495846
7.821571055714948
5.952566789866608
4.477494362531045
3.3292394009839277
2.4473246794518513
1.7788151620628898
1.2785495234213742
0.9088776107661526
0.6390676317239685
0.4445218539417103
0.30591058727107484
0.2083052170324647
0.14036478303400854
0.0936085825775958
0.061790091498337654
0.04037503283718816
0.02611813325998353
