0.00754343565131117
0.09106609245120682
0.5498190775499225
2.213952395899714
6.690725804329997
16.1942514883551
32.72559895213805
56.86274753151733
86.89942164184038
119.04313996972769
148.75740625209033
172.56617692571055
189.3216457110991
200.28277058574122
208.06916855620085
215.14190425493499
222.59843842340115
229.7756649419987
234.68881565870163
234.96876147631312
228.83578592346768
215.74669488927202
196.5639167271983
173.3002356583453
148.61573443941015
125.26727370133791
105.6611775087397
91.57962543561185
84.07851510053459
83.51056769631653
89.61569503068618
101.63236182719318
118.40548801669536
138.48661252553467
160.2337749812302
181.92040002959968
201.8568469434894
218.5194962057499
230.67449205809672
237.47942733167483
238.54739708392214
233.96331427926168
224.25037339695163
210.29282998484715
193.227838106669
174.32266820648252
154.85383916312514
136.00200028951917
118.77181934991813
103.94091223349758
92.03711163080384
83.33989095748494
77.89986872640934
75.56994031668341
76.04235056957927
78.88742877349937
83.59126512063492
89.59093785750518
96.30679256892223
103.17168520098832
109.65711435099246
115.29594666106803
119.7011604383184
122.57984729109549
123.74171320231272
123.10153612410527
120.67543400861771
116.5713001195481
110.97427711342418
104.12857651346557
96.31723558528876
87.84150072569385
79.00143141243645
70.07905842502548
61.32505335830921
52.949433255730185
45.116394181217494
37.94299117275107
31.501094530660893
25.821871445310958
20.901968424263863
16.710591113243822
13.196772168814114
10.296258945771891
7.937615247346083
6.047293109410472
4.55357491331167
3.3894026253701655
2.494195114529392
1.8148066269426073
1.3058033799907387
0.9292366683309509
0.6540763640481919
0.4554444891710327
0.313759975774734
0.21387690094853698
0.14427218020550603
0.09631652512163492
0.06364505637938561
0.04163124763729984
0.026959347194144154
