0.00020445881355282927
0.0034052319423935424
0.028356822540914706
0.15742625835818566
0.6554778881063765
2.183377885175418
6.060640549872821
14.419870790255205
30.020110734214732
55.55341359075587
92.52345994668212
140.08790330167133
194.4292694651844
249.093517412471
296.33498894290875
329.0414202987452
342.5419752147268
335.6643048241122
310.74695775287336
272.73548166368784
227.79039490514816
181.90918060815997
139.93664811956972
105.11366491520505
79.10695044873962
62.341706687949895
54.43616594402828
54.58410546375967
61.80633471604095
75.06121087771257
93.24970274663126
115.16933498941894
139.46903998950535
164.64189241274912
189.07260207827017
211.1372299145488
229.33759227186928
242.44424920817949
249.62039254649827
250.50362436992225
245.2317458181965
234.40979695027468
219.02612785493733
200.3331231421947
179.71210939365147
158.5417531763319
138.0856370694624
119.40901351331354
103.32849499768858
90.39296087770309
80.89011204649037
74.87121003458095
72.18643848778413
72.52453511119099
75.4522348471588
80.45104652495631
86.95051257639003
94.35813609958025
102.08656245880626
109.5784883383886
116.3293426205577
121.90726556851655
125.96949890596733
128.27411728589948
128.686130706552
127.17734400276488
123.81989527296402
118.77400201732247
112.27101005014883
104.59327204151383
96.05261856820331
86.9692024147075
77.65231138108047
68.38440021830962
59.409150556764374
50.92389615742255
43.07631094386464
35.96489640959857
29.642551961650582
24.122376191728414
19.384821825234127
15.38539272377846
12.062201323437167
9.342870897765442
7.150442955994735
5.408114973534787
4.042773091166986
2.987390663549045
2.1824346851825607
1.576460734322448
1.1260885923063153
0.7955419352771329
0.5559134239769473
0.3842873815170447
0.26282107183309544
0.17785598674720415
0.11910477334693526
0.07893858629689635
0.05178395068009222
0.03362729218656708
0.021618412989275887
