0.007523452409760498
0.09085317167907458
0.5487043074980532
2.210149287818614
6.681294458218434
16.176369185136483
32.69929381973061
56.83363459943028
86.8790125217633
119.0452565662246
148.79178212286024
172.63256589808134
189.4078817905941
200.36810767866814
208.13138036310147
215.16485605952866
222.57698385009667
229.71632733032735
234.60667078674558
234.88226984576914
228.76163930716933
215.6962189699052
196.54166670560767
173.30457994971627
148.6407084375728
125.30485762936677
105.70331657616435
91.61961246336325
84.11165417628499
83.53424538988365
89.62907784062622
101.63593488493704
118.40059145697508
138.47505853822432
160.2175677431401
181.9015441235161
201.83721680117014
218.50074219376214
230.6579691833125
237.4661430686228
238.53798147779654
233.9580171461786
224.24909106909556
210.29515956282768
193.2331525984656
174.3302027568149
154.86277754735363
136.01155195344248
118.78127996619457
103.94970419502383
92.04480428966389
83.34620311813327
77.90465757650523
75.57318158225118
76.0441143909902
78.88785491854871
83.59054001067824
89.5892747632692
96.30441542369094
103.16881586837566
109.65396287324708
115.29270394334127
119.69799290794651
122.57689322081823
123.73908053177358
123.09930171055612
120.67364426830005
116.56997299098174
110.97340520262522
104.12813119491834
96.31717175617818
87.84176186316023
79.0019545744052
70.07977886550759
61.32590849154846
52.950365788909785
45.117354329361106
37.94393795930564
31.501996252930955
25.822705438966526
20.90272029301362
16.711253599367314
13.197343831117713
10.296742788718204
7.938017414199627
6.047621718412778
4.553839083424454
3.38961170998325
2.4943581394469576
1.8149319134616078
1.3058983246464413
0.9293076469623951
0.6541287280013804
0.4554826244163033
0.3137874002828544
0.21389638088001622
0.14428585060345556
0.09632600539781379
0.06365155469770908
0.04163565125060875
0.026962297916291622
