0.007554171853423039
0.09118045223959466
0.550417632061548
2.215993705862725
6.695786122663234
16.203841738796825
32.73969788152821
56.878336274524834
86.91032245749075
119.04194471942853
148.7389095763682
172.53053166433642
189.27539505788607
200.23704879727518
208.03588942202828
215.12970246578044
222.61005004752323
229.80756982135628
234.7329150952057
235.01515197628788
228.87552177242387
215.77371393808
196.5757894655049
173.29784878672004
148.60229471846827
125.24708584844122
105.63856141513597
91.55817587012311
84.06074707519984
83.49787930290962
89.6085303358235
101.63045852344565
118.40812605097707
138.49281931009352
160.2424753884332
181.93051895690868
201.86737920637404
218.52955683526895
230.68335450981257
237.48655146344504
238.55244519531044
233.9661526163431
224.2510578051743
210.2915768025865
193.22498385263495
174.31862331818482
154.84904159556734
135.99687418845025
118.76674257039437
103.93619462332785
92.03298418049708
83.33650446987538
77.89729976093655
75.56820184001904
76.04140490031185
78.88720088106702
83.59165495058993
89.59183095575011
96.3080687651103
103.1732254387004
109.65880591916017
115.29768711882846
119.70286048053036
122.58143272129284
123.7431261018313
123.10273525432117
120.67639446687873
116.57201228564784
110.9747449617184
104.12881541201237
96.31726974436674
87.84136048368133
79.0011505519769
70.07867169611472
61.32459435086668
52.94893271841147
45.11587883281494
37.94248300430348
31.500610555775953
25.821423826657355
20.90156488708886
16.710235551618712
13.196465355215917
10.295999266850156
7.937399405315906
6.047116746670541
4.553433135312799
3.389290411863931
2.4941076211794146
1.814739387596954
1.305752424872972
0.9291985755116275
0.6540482614688288
0.4554240229053637
0.31374525775922163
0.21386644661829857
0.14426484371503354
0.09631143736150174
0.06364156895272968
0.04162888437590505
0.02695776365280744
