0.007521601305953491
0.09083344404741409
0.548600998157324
2.2097967560042906
6.68041997504231
16.17471058487982
32.696852952959
56.83093133868737
86.87711407698384
119.0454454875105
148.79496301776248
172.63871849441014
189.41587996890672
200.37602822514555
208.1371610144996
215.16699805188154
222.5750069089736
229.71083383066951
234.59905734845532
234.8742483078305
228.75475859128653
215.691530994777
196.53959562380575
173.3049758684062
148.64301911299393
125.30833967840682
105.70722292452227
91.62332073334066
84.1147283993535
83.53644273870621
89.63032064531187
101.63626787933545
118.40013877473716
138.47398817389038
160.21606555027105
181.89979602325812
201.83539665761197
218.4990030948635
230.6564368250267
237.46491091553685
238.53710799085218
233.9575255233992
224.24897172576442
210.29537516209894
193.23364501864913
174.33090108716533
154.86360610865296
136.01243744223703
118.78215707083464
103.950519351463
92.04551755914154
83.34678841924698
77.90510165950413
75.57348218937503
76.04427801980697
78.88789452364738
83.59047287336276
89.58912065510363
96.30419510545619
103.16854990937648
109.65367074702976
115.29240334932895
119.69769927624199
122.57661937131402
123.73883647219242
123.09909456700132
120.67347834473235
116.5698499512404
110.97332436201397
104.12808990038826
96.31716582706706
87.84178606002146
79.00200306260649
70.0798456430915
61.32598775673112
52.95045223050474
45.117443332121084
37.94402572450505
31.502079841527262
25.822782749782455
20.902789991336768
16.711315012254257
13.1973968248433
10.296787641695632
7.938054695834016
6.047652181212185
4.553863572681623
3.3896310927379547
2.4943732523828874
1.8149435279627122
1.3059071263767572
0.929314226970496
0.6541335823668426
0.4554861597286616
0.31378994266757654
0.21389818676880334
0.1442871179222134
0.09632688427219659
0.06365215712951382
0.04163605949212217
0.026962571466701047
