0.0006143283960829143
0.00945109055196504
0.0726998083844659
0.37281498246134104
1.4338863477724257
4.411904776061677
11.3124422956335
24.862227784236275
47.811484082762504
81.7283882852759
125.73567400241068
175.85580890496672
225.46457151743624
266.8484393689426
293.309948163765
300.9966235165075
289.7831656055754
262.9909919971697
226.21231999488387
185.78249204411358
147.43680277320811
115.47587902316305
92.49621294808443
79.5448818294203
76.48157358847577
82.35979902609968
95.72112367605469
114.78039499149034
137.53533200781987
161.85243548564367
185.5707724614162
206.64011075420947
223.28381091317618
234.15912253106487
238.48201232452462
236.08966152514685
227.4274958708773
213.46392545938338
195.55006990732693
175.25033061893924
154.17150960258786
133.81398622121222
115.46033570991979
100.1073249665615
88.43881753728368
80.83133752044894
77.381468385046
77.94459764157804
82.17687348028929
89.57550092951648
99.51565163041623
111.28457357639822
124.11462986040529
137.21699197747466
149.8168495802858
161.1896977274836
170.69696267302885
177.81828598534548
182.17742395531127
183.55899724208638
181.91416395082257
177.35450268826227
170.13474190561516
160.62621819438567
149.28389246407437
136.61027504618153
123.11966912315702
109.3057761548447
95.6150177745505
82.4270514656835
70.0430350113985
58.68135337081192
48.479854040096406
39.503194569037106
31.753699327449564
25.184128536543316
19.71093457103084
15.226861008319831
11.612070917820855
8.7433223568874
6.50100362577259
4.7740756354427285
3.463134424881412
2.481905057716329
1.7575180146972313
1.2299140619766589
0.8506878366596969
0.5816274274853167
0.39314803878652893
0.26276046059389757
0.17366464489185696
0.11351779009184697
0.07339559713083711
0.04694409458563757
0.02970619456572279
0.018600187558258343
0.011524975161865344
0.007067440671336713
0.0042897304468118595
0.002577440903144463
0.00153314285702929
