-0.19118581151101216
-1.2826730046228183
-4.28820439988179
-9.478473985582399
-15.39015729887913
-18.926223189005537
-16.408089317540945
-4.604752121484832
18.80386694164117
55.00672644011265
103.57100719222807
161.71250759940835
223.9181459989387
282.51427514681063
329.2530820076104
357.3797535433582
363.3604631134073
347.62412036901
314.1375711000341
269.1090767164369
219.37552712028543
171.01212449296526
128.4907386916739
94.44694708055233
69.91383131811011
54.793726381165136
48.355179971670964
49.616453952178084
57.562443708185626
71.20864956341732
89.56292326287927
111.54585432667292
135.92244414161684
161.28003443611573
186.06708984774994
208.68881899708342
227.64146140907474
241.6588799862949
249.84338196100572
251.75691999681672
247.45749049112362
237.47642250237664
222.74287814791222
204.470128511991
184.02267320660346
162.78368043934654
142.03911921296068
122.88956846283396
106.19450341129257
92.54822694755791
82.2824746089711
75.48849088006334
72.05097385014905
71.68728165407651
73.9870835502902
78.44962045130164
84.5174443829542
91.60665893357485
99.13420855327185
106.5427503094669
113.32327376773705
119.03513325177292
123.32272034249505
125.92777270626154
126.6963523720548
125.57982320844229
122.62964680486289
117.98639740961887
111.86396047657853
104.53032970069475
96.28668745631296
87.44651363664828
78.31632531796382
69.1793421370145
60.282957250399726
51.830436360568946
43.976829050077995
36.82870681066078
30.447072600907305
24.85263071577597
20.03255946429239
15.947975920091478
12.541397194000897
9.743658776890358
7.479921447324137
5.674562451632447
4.254888706860642
3.153720731296382
2.310972855268308
1.6743996430495751
1.1996951397996911
0.8501269692882499
0.5958682615303679
0.41316316200459463
0.28343144204869963
0.19238832286221014
0.1292295295509688
0.08591011823294674
0.056529159565844714
0.03682066449384798
0.023743564043078282
