2.240409889516141e-6
4.4629723419696525e-5
0.00044451959925714737
0.002951660298460913
0.014699518084374724
0.058563875260600105
0.19443537002793765
0.5533169130085782
1.3777825269969646
3.049543816396846
6.074794517636737
11.001087577687338
18.262115768617733
27.983656207621717
39.81742245605032
52.878437946458746
65.83478132312227
77.14420572093933
85.37443204097967
89.51003216603556
89.15390668322097
84.5712412916803
76.57889706500464
66.32987238275336
55.064691650040906
43.89630115048342
33.670535392974344
24.913663886796847
17.853479996933096
12.486871036137476
8.664962539723083
6.1730921197654105
4.792266542762392
4.337552792692319
4.67501261449684
5.721941296950128
7.435975853568068
9.798096772098956
12.793525455306611
16.393537612331652
20.540453494952533
25.1374854829427
30.044588608010333
35.08085380607046
40.03326663144071
44.67087359294926
48.762667572647956
52.09696074685394
54.49977555489268
55.849913325807755
56.08884416929693
55.22431709726641
53.327480954473224
50.524179112130255
46.981791768899676
42.893447830229846
38.46156935507774
33.88256003208803
29.334067990463442
24.965734863802926
20.89378757663976
17.199325330404804
13.929765112094133
11.10266702350589
8.71106817477168
6.729489617131175
5.119909250494387
3.837174343166153
2.833522663554775
2.0620617731683777
1.4792027402230243
1.0461487136068341
0.7296002940065609
0.501864193987904
0.34054817973174495
0.22800342520241074
0.15064400400869557
0.09823928583048021
0.06324332071250634
0.040198666393644535
0.02523165453840795
