2.2404105126518374e-6
4.4629735156818555e-5
0.0004445197094282702
0.002951660985304398
0.014699521282277665
0.05856388711426629
0.19443540643790197
0.553317008242279
1.3777827432653127
3.049544248891204
6.074795287172627
11.001088804650495
18.262117528817193
27.98365848100046
39.81742508773277
52.87844064050799
65.83478368015383
77.14420731447049
85.37443251147378
89.51003130366873
89.15390447410087
84.57123791551163
76.57889284874227
66.32986772770293
55.064686954879335
43.89629674951514
33.67053152055298
24.913660669351735
17.85347746679543
12.486869157908654
8.664961240022414
6.173091313567223
4.792266152641394
4.337552760026331
4.675012903473327
5.721941893059407
7.435976758405034
9.798097996074256
12.79352700955348
16.39353950083613
20.54045570775803
25.137487991154405
30.044591361172213
35.08085673228698
40.03326964031961
44.67087658110378
48.76267043115254
52.096963369767494
54.4997778478041
55.849915213355104
56.08884560076765
55.22431804967258
53.327481432861596
50.52417914726409
46.981791412777845
42.89344715013789
38.46156842697058
33.88255893408464
29.334066797108466
24.96573364155738
20.893786380840073
17.19932420371668
13.929764084313112
11.102666112438195
8.711067387867384
6.729488953541424
5.119908703254851
3.8371739012771244
2.833522313797812
2.062061501572648
1.4792025331551202
1.046148558503193
0.7296001797971751
0.5018641112745043
0.34054812078704627
0.22800338385100963
0.15064397544079847
0.0982392663875647
0.0632433076724148
0.04019865777245281
0.02523164891830929
