2.2404099677563297e-6
4.462972489339585e-5
0.00044451961309010537
0.0029516603847001845
0.014699518485899723
0.05856387674893279
0.19443537459953078
0.5533169249660131
1.377782554151374
3.0495438707003513
6.074794614258807
11.001087731743523
18.262115989626444
27.983656493064757
39.817422786481615
52.87843828472088
65.83478161906913
77.1442059210221
85.37443210005534
89.51003205775888
89.15390640584755
84.57124086777358
76.57889653561669
66.3298717982716
55.06469106052267
43.896300597903455
33.670534906758256
24.913663482818645
17.853479679252196
12.486870800309473
8.664962376534326
6.173092018540251
4.792266493779412
4.337552788590977
4.675012650780602
5.721941371797195
7.435975967178678
9.798096925780248
12.793525650456534
16.393537849450695
20.540453772790336
25.137485797871637
30.04458895369491
35.080854173483566
40.033267009232794
44.670873968139134
48.76266793155904
52.096961076184336
54.499775842788225
55.849913562806066
56.0888443490306
55.22431721684909
53.32748101453861
50.524179116540964
46.98179172418466
42.89344774483744
38.46156923854478
33.882559894223085
29.33406784062629
24.96573471033835
20.893787426495752
17.199325188938452
13.929764983046464
11.102666909112886
8.71106807596852
6.729489533811178
5.11990918178333
3.8371742876828345
2.833522619639533
2.0620617390669964
1.4792027142237112
1.04614869413212
0.7296002796664992
0.5018641836024657
0.340548172330687
0.22800342001035812
0.1506440004217302
0.09823928338923955
0.06324331907520016
0.04019866531117328
0.025231653832751902
