2.240409889362409e-6
4.462972341680093e-5
0.0004445195992299665
0.0029516602982914615
0.014699518083585723
0.05856387525767555
0.19443537001895397
0.5533169129850818
1.3777825269436021
3.049543816290127
6.0747945174468425
11.001087577384585
18.262115768183342
27.98365620706063
39.8174224554007
52.87843794579357
65.83478132254007
77.14420572054543
85.37443204086269
89.51003216624731
89.15390668376493
84.57124129251216
76.57889706604384
66.3298723839009
55.06469165119846
43.89630115156841
33.67053539392926
24.913663887590243
17.853479997557
12.486871036600673
8.664962540043646
6.173092119964259
4.7922665428586875
4.3375527927004995
4.675012614425759
5.721941296803368
7.435975853345248
9.798096771797468
12.793525454923767
16.393537611866595
20.54045349440735
25.137485482324923
30.04458860733222
35.08085380534972
40.03326663069961
44.670873592213255
48.76266757194388
52.09696074620789
54.499775554327904
55.84991332534281
56.08884416894432
55.224317097031786
53.32748095435535
50.524179112121566
46.98179176898735
42.89344783039733
38.4615693553063
33.88256003235845
29.33406799075734
24.965734864103947
20.893787576934265
17.199325330682292
13.929765112347278
11.102667023730458
8.711068174965577
6.729489617294544
5.119909250629157
3.837174343274956
2.833522663640958
2.0620617732352575
1.479202740274027
1.0461487136450311
0.729600294034693
0.501864194008275
0.34054817974626483
0.22800342521259542
0.15064400401573294
0.09823928583526913
0.06324332071571782
0.040198666395767496
0.02523165453979211
