4.4142655033023616e-7
4.32010789474989e-6
2.1140190411436964e-5
6.897013979863378e-5
0.00016880251115266565
0.00033079544641937433
0.0005418611768872536
0.0007690703780268747
0.000991153306115438
0.0012735614866972893
0.0019318193941940407
0.0039003085048251313
0.009545778876715257
0.02432761645200982
0.05987253946557518
0.13911534453553404
0.3040218965250761
0.6258953021762493
1.2172666647192776
2.242950293906227
3.9263212941373262
6.545836348584288
10.416977881288139
15.856720627423032
23.131385922462464
32.3937467057709
43.620172074146055
56.56179089032287
70.7236493808122
85.38197698805816
99.64247212000144
112.53363358618871
123.12093521112284
130.62235451899272
134.50490832150436
134.5456404987963
130.84787431628317
123.81249908475183
114.07236222726392
102.40363431499206
89.63031459387084
76.53685386037482
63.80002628970306
51.945980017126786
41.33317907715185
32.15776357185224
24.475273200579657
18.23178674512304
13.298036999246946
9.50147432094219
6.653046159452223
4.567198659735604
3.0750069446951507
2.0312799105929074
1.3169690099563032
0.8383249816002789
0.5241117824393297
0.3219204821050761
0.19432118844218838
0.11531019014061111
0.06728464725116355
0.03861763619852554
0.021806880286567677
0.012118602262882777
0.006629367578883206
0.0035707404670122125
0.0018941479220321946
0.0009897799024957707
0.0005095998136533439
0.00025857093853892595
0.00012932462084186167
6.377087956998864e-5
3.100912078636773e-5
1.4871888975283245e-5
7.036131651974679e-6
3.2845224564355403e-6
1.513067090010159e-6
6.879660421572553e-7
3.0879619579476437e-7
1.3684987093200355e-7
5.988994954044538e-8
