0.000344938774080059
0.0035960680024467355
0.0187449284867512
0.06514010385809328
0.16977527998941408
0.3539897956376786
0.6150731493595294
0.9160503039370018
1.193798752227385
1.3830189295996094
1.442430230135333
1.368980193032737
1.1949496802748165
0.9734802379114266
0.7630810935607003
0.6198082163969716
0.600397726854186
0.7746275748433289
1.2424197019966738
2.1503646267692633
3.7023712569279175
6.159410452636177
9.824045338170832
15.00726199440625
21.978446675515563
30.903918781236335
41.784147089744344
54.403080701073144
68.30342426349864
82.79838747580779
97.02376834362806
110.0256625868334
120.8708489507921
128.7612528365229
133.13242374946583
133.71907280313314
130.57752065012883
124.06356496457435
114.77260057496582
103.45492675456303
90.92195150048555
77.95831690699316
65.25153404380433
53.34575094709607
42.62110636028306
33.295824026566635
25.445412650645487
19.032209197005933
13.938804526145429
10.000161413946355
7.030959043514329
4.8464301122096165
3.2763943861752605
2.1731908404990974
1.4147564039779899
0.9042667068668527
0.5676571033293222
0.35009731773651454
0.21219656642472864
0.1264340072895239
0.07407816485511085
0.04269115870147044
0.024206043825065582
0.013507059972417142
0.007419222857798861
0.004012570004438631
0.0021372545441887083
0.001121396015951805
0.0005797325143467415
0.0002953630269625564
0.00014833227324896348
7.344375381432015e-5
3.58591451466116e-5
1.726850077335964e-5
8.20352445397082e-6
3.845180896640201e-6
1.7786100670149397e-6
8.120216029404349e-7
3.6597426142931477e-7
1.6285496895759671e-7
7.156300842159447e-8
