2.260203198736121e-6
4.500243631553748e-5
0.0004480170799392751
0.0029734583332339296
0.014800977778602342
0.058939838706934
0.19558981388401975
0.5563354498672582
1.3846349450152204
3.0632420807183403
6.099157668380303
11.039914665632677
18.317787324161028
28.05551233073872
39.90053479370936
52.9634195951218
65.90898513188964
77.19414590774197
85.38876087607599
89.48215418339306
89.08343223765111
84.46390242549062
76.44507252868262
66.18227645445896
54.915938445900636
43.756954734380976
33.547989782314424
24.8118966717585
17.773494560638202
12.42753374603803
8.623945148069755
6.14770482203778
4.7800658072060385
4.336694299547463
4.684376351596277
5.74108217896223
7.4649575351727115
9.837259299623982
12.843227531596483
16.453906091889753
20.611167247062227
25.217616693604004
30.13251995758844
35.174283240135296
40.12930221670449
44.76621000443807
48.8538247860215
52.1805565750797
54.572798608046895
55.90996289918309
56.13430858534913
55.25447122839042
53.34249533639898
50.52504513683772
46.9701779085002
42.871509147321355
38.43173588355271
33.84732894225111
29.295820449741488
24.92659229541126
20.85551490647046
17.163282010746524
13.896899146082772
11.073543423779736
8.685921415108572
6.708289490338439
5.102430726009713
3.8230640249547077
2.8223567950798953
2.053393019499189
1.4725949203243767
1.0412001118758325
0.7259571156269984
0.49922619253040773
0.33866857477357065
0.22668505749875864
0.14973335577756489
0.0976196147845004
0.06282778423971377
0.03992398733147289
0.025052621605795012
