0.00852684060848171
0.1014457105827529
0.6036232000291841
2.3955393495140167
7.135628645858668
17.025726714454677
33.9254975956483
58.14968243043373
87.72754577950353
118.78268727320608
146.99607849751055
169.37149882474316
185.3086197964904
196.4367987270486
205.4060950803279
214.36213476950033
223.87719541918216
232.7521423616098
238.62657376784233
239.00181120579126
232.2047046685741
217.9565234356233
197.43856746980038
172.9464340961613
147.33169077986093
123.435560349153
103.65651791339118
89.70781525289371
82.54894815830487
82.4356165574437
89.02642590887056
101.50063898982218
118.66547346224601
139.05213534987607
161.01081654035764
182.81553898690296
202.78301464775902
219.4001762719088
231.44697742152297
238.09724797041872
238.9817294536843
234.2031208972126
224.301146945375
210.1740370082449
192.96937775899625
173.96081182354885
154.4271634815535
135.54777274650755
118.3231652190016
103.52492962446877
91.67394043552383
83.04261504138272
77.67505263995696
75.4185743989268
75.96099289521706
78.86937450689267
83.62762788017963
89.67158044863076
96.4210870613006
103.30911075728851
109.80771551509046
115.4506778101929
119.85213792194965
122.72052357877273
123.86698047011043
123.20776219905206
120.76043224498956
116.63423632604692
111.01552012663075
104.14950317725027
96.32000456405224
87.82881186569423
78.97628780164602
70.04454684609357
61.28415579222366
52.9048780169299
45.07055078263226
37.89780873519347
31.458079946102124
25.78210088447755
20.866124266228535
16.679015923162623
13.169531790672991
10.27320786793677
7.918458874469428
6.031643186988148
4.540995898562753
3.3794481375328047
2.486434648413019
1.8088434497897459
1.3012849700229034
0.9258592384210481
0.6515850046596052
0.45363032270997755
0.3124554961524625
0.21295042357237223
0.14362208278040556
0.09586574057444573
0.06333609762163024
0.04142190346325514
0.026819087526997683
