2.381412405474017e-5
0.00011748165841135184
0.00029074386713713786
0.0004887565715120148
0.0006803017929957141
0.0011131094425906513
0.0030070498634359993
0.010601820797614177
0.0366324380508608
0.11498530447293147
0.32608585872574464
0.8412401974933742
1.989619828003824
4.343770449186282
8.806036390323554
16.662153341545185
29.556506517057958
49.345339744696545
77.8064506112817
116.22618133457964
164.93618294052519
222.9146500439862
287.5794825516645
354.8722425968619
419.66501140106107
476.4361822838683
520.0838773125369
546.7032757115351
554.1607978881102
542.3506896871895
513.0998403526166
469.76899839387517
416.6595378371786
358.36092875812443
299.1639804267329
242.62816992442197
191.34277384245604
146.8756578068258
109.87060829022057
80.23809677339692
57.38399703130188
40.43128423377581
28.405333398996742
20.36910421715518
15.507018343306978
13.164383751473025
12.852976114533824
14.233889105583216
17.08732000509301
21.27672122596915
26.712527018136708
33.31887789574484
41.00552172165805
49.64628088922809
59.06496453304655
69.02919693310841
79.25220249684996
89.40207960178404
99.11752473058108
108.02840028012241
115.77906507352768
122.05209533419936
126.58998064692406
129.21260944257278
129.8288415018972
128.441138950522
125.14300050992664
120.10971175370243
113.58358741231432
105.85536213579712
97.24363733728472
88.07430392354897
78.66165808593891
69.29256054370146
60.21452486562322
51.62812751431976
43.68367379347348
36.48167783344795
30.07645004674874
24.48194156861851
19.678964564055406
15.622969986357598
12.251693390561645
9.492145811412637
7.266603914530966
5.497420231272259
4.110615530654797
3.038323269429247
2.220228541095088
1.6041835116337224
1.1461934237425317
0.8099587354644416
0.5661368705932659
0.3914577224666904
0.26779556790341585
0.18127009124714238
0.12142309370423689
0.08049630273353975
0.052819736609025066
0.03430894867645192
0.022062452304834966
