0.04167270809193216
0.3871559317880756
1.8002241360981428
5.5913807179716475
13.07357355113823
24.62932576195907
39.1865890206548
54.76064830986408
69.84653649188479
84.67182114767151
101.35890228101974
122.80935058872271
150.94910847608114
185.30025703822787
222.58280869334047
257.4793809706806
284.1719395544772
298.00512685317346
296.6846019952405
280.68641908622334
252.8828860904817
217.64440758810974
179.78094825442787
143.64218314893424
112.55892645330859
88.65452051093459
72.94125866112245
65.56792753465795
66.09359550858547
73.70607801923724
87.35506224111205
105.81104669526887
127.6837384093537
151.43757215905973
175.43270181002447
198.00386128123347
217.5729810184996
232.77876518648313
242.5999680013926
246.44933211114457
244.2209845509091
236.28339640412523
223.4202411468189
206.73026477311996
187.50292808805926
167.08837874710133
146.77850401643073
127.71138971820005
110.80582611257722
96.72690866058888
85.87932107735755
78.42212693461877
74.29791377029439
73.26962384495107
74.95984065098703
78.88910305921091
84.51150097493257
91.24704854760608
98.51100612760668
105.74046974921383
112.41831916457471
118.09421402117901
122.40194662922255
125.07224409645946
125.94013776706848
124.94628740525366
122.13210596413299
117.62908552513173
111.64327122821467
104.4362730997102
96.3044777596077
87.55819071170465
78.50230929153084
69.41983095340709
60.559096473739864
52.12521648392795
44.27569353344457
37.119880200493604
30.72163943279376
25.104410705851382
20.25783220736861
16.145109423849245
12.710430319592442
9.8858796563803
7.5974739188878315
5.770102038227271
4.331299878695393
3.2138989526508976
2.3576686419783774
1.7101176297555347
1.2266388056312318
0.8701788700290062
0.6105959685116616
0.42384221517821363
0.29107813535170846
0.19779677485676836
0.13300905262867704
0.08852026250389813
0.058310913444399474
0.03802313114097556
0.024546021186009605
