0.007522170149132522
0.09083950641327944
0.5486327458746508
2.209905093158127
6.6806887182559365
16.17522030999347
32.69760310494804
56.831762165782884
86.87769761069183
119.04538756135278
148.79398559281375
172.63682775451304
189.41342195451705
200.37359396488128
208.13538430176882
215.1663395312299
222.57561423269942
229.71252192368794
234.60139702832956
234.87671349503944
228.75687325395404
215.69297182843778
196.54023224696664
173.30485432051094
148.64230909326218
125.30726963687901
105.70602245364424
91.62218110883384
84.11378361170313
83.53576742196897
89.62993867573147
101.63616551394122
118.40027786745337
138.47431709780494
160.2165271890528
181.90033323926397
201.83595601833966
218.4995375526714
230.65690775040045
237.46528958433896
238.53737643629316
233.95767661571068
224.24900840999297
210.29530891211033
193.23349369595988
174.33068648369448
154.86335148184887
136.01216531951627
118.78188752365796
103.95026884109322
92.04529835958093
83.34660854590173
77.9049651843889
75.57338980646465
76.04422773239709
78.8878823506647
83.59049350404455
89.58916801337554
96.30426281123053
103.16863164140172
109.65376052079333
115.29249572553049
119.697789512976
122.57670352883035
123.73891147496126
123.0991582250558
120.67352933539007
116.5698877631657
110.97334920560947
104.12810259095946
96.31716764937718
87.84177862421413
79.00198816173561
70.07982512163392
61.32596339764927
52.9504256659954
45.11741598051085
37.943998753193554
31.502054153722764
25.822758991206594
20.90276857216634
16.711296139296653
13.197380539195743
10.296773857800037
7.938043238706416
6.047642819598501
4.553856046813528
3.3896251361633483
2.494368607978663
1.8149399586729522
1.3059044214881486
0.9293122048462865
0.6541320905553767
0.4554850732796854
0.31378916135847273
0.2138976317947446
0.14428672845795273
0.09632661418212643
0.0636519719939868
0.04163593403390684
0.026962487400896875
