0.00019606764372713444
0.003274733552607498
0.027347398173151086
0.15225262867531958
0.6357331371922129
2.123610617069641
5.911445428810644
14.104760040081302
29.44732136992641
54.64789314882854
91.27328694186689
138.5867086820953
192.89085299134587
247.8228126715619
295.65841693216754
329.2193825662974
343.6955727481946
337.7423597121102
313.54200839818844
275.938194730442
231.05982196161247
184.93532747072908
142.479841570954
107.01674412418494
80.28602535891012
62.766146945130735
54.108430332003955
53.52663723627984
60.058180253506116
72.68297341419914
90.33283681246182
111.84484372270717
135.9111452900023
161.0637903402673
185.71350493250108
208.24203955508088
227.1322991283467
241.11116532827032
249.2774285015644
251.19103675200688
246.90833767399755
236.95880603954174
222.26938494085934
204.0508415515078
183.66507830115555
162.492783333602
141.81773066169308
122.73868224840079
106.11368425427433
92.53593640996019
82.33628705197535
75.60518156956964
72.22649110316101
71.9166393497509
74.26422589810589
78.76731596791308
84.86726072220422
91.97905621683594
99.51876896475437
106.92853939387997
113.69930764242247
119.39090896750629
123.64875621501434
126.2161027981363
126.94092441180821
125.77676093002157
122.77735393013285
118.08549872926477
111.91709308781587
104.54181214497936
96.26210462630704
87.39226007195995
78.23914891238061
69.08592509492347
60.17956263036046
51.722638253855344
43.86933387596171
36.72526365870566
30.35046293881641
24.764722610562547
19.954408828355685
15.879956951560269
12.483345663687858
9.695014540306888
7.439859937587446
5.6421084155619345
4.229008678876323
3.1333934333755438
2.2952387357739763
1.6623921049227004
1.1906567238191244
0.8434139652061603
0.59094705415011
0.40960121418671214
0.28088528871967827
0.19059039079718437
0.1279750711449938
0.08504509244500275
0.05593952754327447
0.036423293354894415
0.023478742018948135
