0.007635039819859102
0.09204107849234984
0.5549178983350217
2.231325865717918
6.733750697725009
16.27569443178319
32.84514217301187
56.99458660388365
86.9910032499012
119.03165354602042
148.59897447005528
172.26256034019465
188.92882319359063
199.89547727878698
207.78844198665786
215.0406646913561
222.69939001509425
230.04843232562877
235.06432189021592
235.3628342454078
229.17259085409546
215.97501262914375
196.6634133286109
173.27870022710434
148.50057576582478
125.09513095443643
105.46873887253503
91.39736802469767
83.92772174783688
83.40303413937278
89.55512732816887
101.61648518623036
118.42815785075985
138.53955353035636
160.3078503827728
182.0064786233751
201.94639389568803
218.60499869046575
230.7497831679968
237.5399236296305
238.59023494474508
233.98736274297198
224.25611224342086
210.28210230577324
193.20350760638695
174.28822595651118
154.81300921661338
135.9583884873557
118.72863736248674
103.90079313535749
92.00201784850965
83.31110312092389
77.87803632552989
75.55517232552239
76.03432553311751
78.88550787471107
83.59459694935825
89.59854870819387
96.31766023744666
103.18479703128914
109.67151169791816
115.3107582536655
119.71562674372653
122.59333729407705
123.75373435172824
123.11173775759737
120.68360442849357
116.57735763212658
110.97825567025333
104.13060698711688
96.31752406132588
87.84030541059704
78.99903979929273
70.07576622011355
61.32114638166803
52.94517313895972
45.11200825675091
37.93866653845986
31.496975928039408
25.81806233810862
20.898534518957458
16.70756551894525
13.194161435989807
10.294049327341334
7.93577866695439
6.045792476143765
4.552368570451664
3.388447849265168
2.4934506805216037
1.8142345300290474
1.3053698400774938
0.928912567830657
0.653837264799746
0.4552703621394191
0.313634756117816
0.21378795724225247
0.1442097631610739
0.09627324012622582
0.06361538677201435
0.041611142154679044
0.026945875313602236
