0.011567778558763472
0.13246273932694957
0.7586766181166279
2.8985708885747408
8.3139894121946
19.11045104684853
36.7129793463756
60.75263475060289
88.69582541662116
116.67526027170003
141.1572598854853
160.47078669541364
175.305067705302
187.95084659121358
200.79735050326957
214.93176187249418
229.5055693500457
242.05003371989102
249.46225510642913
249.1583314894663
239.93485236940822
222.2957156753766
198.2490686414493
170.7538179351272
143.0554918932004
118.1130120184324
98.22730138182762
84.88824895019357
78.79103037763086
79.94714266504413
87.82325263849103
101.4668894556408
119.60660274423216
140.73481096959017
163.18996966668416
185.2520570494873
205.25597587246799
221.71639497416177
233.4490237812764
239.6697851334739
240.05533025137305
234.7547082076766
224.3506587387077
209.77758064911134
192.2097568523665
172.936709137109
153.24237136315995
134.30169534458506
117.10345545380522
102.40267697472137
90.70139729923943
82.25311629600601
77.08458379457157
75.02838046559121
75.76066746795475
78.83998663325177
83.74459110961416
89.9071090286774
96.74619578977116
103.69518761913938
110.22773094091464
115.88009938142913
120.26960601076748
123.10832298367426
124.21132441060715
123.49889340996171
120.99254320293329
116.80521585785054
111.12654400805059
104.20449834516228
96.32502697477345
87.79138443560892
78.90474603097276
69.9474355974575
61.169712181879746
52.78062400840723
44.94300662222223
37.77232650943739
31.338786597453232
25.67193282925947
20.76693163899421
16.591713286715603
13.094273424622981
10.209568805649946
7.865606962646994
5.9884919091476645
4.506331976695701
3.3520316147122116
2.4650720399784696
1.7924365641250724
1.2888591906998377
0.9165755529995846
0.6447400254827419
0.4486481424097095
0.3088746107302158
0.2104082657228995
0.14183903071439705
0.09462986306573878
0.06248939602790989
0.040848425729205204
0.026435012190553157
