0.00019557439643106425
0.0032670496679579543
0.027287860071981182
0.15194694156278726
0.6345644094865334
2.120066319164411
5.9025808018125145
14.0859990788168
29.4131438464382
54.59373042954436
91.1982982652922
138.4963471284949
192.79779459729738
247.74528035835021
295.6160515640355
329.22800003826154
343.7627253423246
337.8652827452691
313.708502977648
276.129842063325
231.25618910111442
185.1177483671234
142.6338251753351
107.1327503821608
80.35893790943499
62.79407596975664
54.091484925999694
53.46610973839479
59.95631324731969
72.54323648270712
90.16048064828755
111.64743824621252
135.69883419526488
160.84908278992873
185.51054747493552
208.0654388507184
226.99567221968985
241.02565820109433
249.25045424533835
251.22544232450937
247.00212537620388
237.10543295798948
222.45856434372652
204.2696949661994
183.89944844962406
162.72851911094423
142.04178965209965
122.93995143468528
106.2834809385588
92.66820583181712
82.42755186743996
75.65431760138198
72.23440480831096
71.88590993104724
74.1987551609929
78.67200800562901
84.74773602940164
91.84139360005096
99.36926430286567
106.77347190932053
113.54470984510418
119.24234343036468
123.51110863739603
126.09340481139131
126.8362204662405
125.69203134670798
122.71350142250473
118.04239942975191
111.8937065412947
104.53633895675053
96.27217631689344
87.41514366548269
78.27194895081247
69.12576786554038
60.22375091005111
51.76876917647058
43.91537697381294
36.76960016176081
30.39189063364719
24.802432745506785
19.987942657069492
15.909149634161976
12.508264592157046
9.715897971394057
7.457060355686327
5.656043533780622
4.240121591855933
3.1421222737534995
2.3019953133516204
1.6675484310203168
1.1945380150429492
0.8462966315518934
0.593060247681878
0.41113068892672516
0.2819785496607791
0.19136235072972427
0.128513660654413
0.08541646429730405
0.056192654064340555
0.03659387334679472
0.023592415644940665
