0.011111802670772896
0.1305142626722181
0.7664820808596983
3.0009315605965172
8.811998987241676
20.700919214062335
40.52651450285873
68.01080657505585
99.88644574299104
130.45772397889536
153.4979583343873
164.55652394502002
162.53296238812806
149.87707101627632
131.5502064983008
113.40700484246845
100.70435446690502
97.14746172469388
104.52256841272774
122.74823357608577
150.14437494240386
183.79518463505204
219.96881914959621
254.59428657269763
283.7799303066958
304.31832667700405
314.09441920994163
312.31761597168713
299.53417965665903
277.4282547186557
248.4681342715111
215.48313093111287
181.2594293547602
148.22395533268462
118.25323169274054
92.61059778655145
71.98888109430412
56.62109652614648
46.41911332231623
41.10655232750042
40.32331648241782
43.69126479729445
50.840919295214135
61.40640542701717
74.9998348286866
91.177484355071
109.40911885964272
129.05936823315034
149.38681893783001
169.5629211150156
188.70936927489944
205.94965965680169
220.4683766999034
231.57064426393066
238.7341966418786
241.64762597954953
240.2303345293268
234.63222406546166
225.21378554441998
212.50961008947064
197.18010271479392
179.95714303182586
161.589549875908
142.7935561139261
124.21227926458826
106.38663538529403
89.7385483450012
74.56587861487779
61.04739402546397
49.25541038861261
39.173448511942865
30.716332450531773
23.750500506330553
18.11280907233384
13.626677971252716
10.114970779404173
7.4094665783408376
5.357129210973531
3.8236085313591386
2.6945251023032593
1.8751160452370608
1.288780731613404
0.8749859616016018
0.5868929545917358
0.3889694682327093
0.25476073350876205
0.1649187151332861
0.1055325891176641
0.06676361194942468
0.04176242616025776
0.025833254026990063
0.01580424033637186
0.009563606560443779
0.005724988991425902
0.0033906479973050143
0.0019869868979689722
0.001152284376837927
0.0006613385555764563
0.00037569349027683765
0.00021126831989564713
0.00011761704981646951
