0.007517825668509602
0.09079320402536131
0.5483902576770128
2.2090775821935953
6.678635882108122
16.171326478736447
32.69187221029519
56.82541418766453
86.87323772227573
119.04582705763447
148.801449171483
172.65126921766335
189.43219880173427
200.3921916904308
208.14896100108064
215.17137538739658
222.57098012113005
229.69963056150434
234.5835262941382
234.85788199373113
228.74071773370184
215.68196262807578
196.53536603368252
173.30577998031376
148.6477306784804
125.31544218593967
105.71519209756511
91.63088656288049
84.12100114161865
83.54092671754633
89.63285719718476
101.63694813810359
118.39921592809858
138.47180494137407
160.21300111729977
181.89622972893557
201.8316832482455
218.49545492964825
230.65331037569908
237.46239689227914
238.53532568626818
233.95652228372253
224.24872801102214
210.29581480955474
193.23464945741495
174.33232565123487
154.86529640065658
136.01424390943635
118.78394646341718
103.95218238564655
92.04697274854753
83.34798254883816
77.90600769331196
75.57409551747628
76.04461189522108
78.8879753733863
83.59033595216977
89.58880629867404
96.30374566795695
103.1680073545549
109.65307480327488
115.29179012567025
119.69710025206281
122.5760607008918
123.73833857268447
123.09867197676927
120.67313984468882
116.56959893619403
110.97315943553184
104.1280056504002
96.31715372500719
87.84183541727411
79.00210197628206
70.07998186889488
61.3261494586893
52.950628573457294
45.117624900638596
37.944204768893016
31.50225036588565
25.82294046750287
20.90293217944654
16.71144029783554
13.197504935022659
10.296879144397902
7.938130752634561
6.047714327236521
4.553913532351734
3.3896706348473704
2.494404083803808
1.814967222357084
1.3059250825360198
0.9293276506677143
0.6541434856342959
0.4554933720345952
0.3137951293292918
0.21390187092428173
0.14428970335411614
0.09632867724760603
0.0636533861403196
0.04163689233917067
0.026963129532915818
