0.007573426498582337
0.09138548913631357
0.5514904572026686
2.219651251778476
6.704849638453881
16.221011175306092
32.76492442285942
56.906202101427894
86.92976044731432
119.03969999366998
148.70568869051573
172.46664455808144
189.1925884173402
200.15527048394728
207.97645796025967
215.1080445621402
222.63102237176247
229.86483241337
234.8119451967997
235.0982138783302
228.9466105302434
215.82199705039673
196.59694079619277
173.2934761543161
148.57815303979888
125.21088834581109
105.59804219921561
91.5197666842309
84.02894462815742
83.47518052748286
89.59572512724853
101.62707355947995
118.41286988409408
138.5039494718986
160.25806656788203
181.94864631002068
201.88624326900222
218.54757345217766
230.6992231948784
237.49930548458315
238.561480299943
233.9712297312422
224.252277344133
210.28932653779268
193.21986671542905
174.31137454737208
154.84044563916447
135.98769069801116
118.75764824039327
103.9277443118737
92.02559149152705
83.33043938309544
77.89269928768073
75.56508910485564
76.03971232820312
78.88679401652969
83.5923545313885
89.59343193923306
96.31035587839922
103.17598541010665
109.66183684682755
115.3008054999282
119.70590634367521
122.58427316064544
123.7456573715959
123.10488348955775
120.67811506734537
116.5732880285921
110.9755829781166
104.12924324371623
96.31733077304182
87.8411090683483
79.00064722081815
70.0779787090199
61.32377188813431
52.94803586895415
45.11495546489278
37.94157251540851
31.49974342551783
25.82062184356903
20.90084188963338
16.709598514452622
13.195915660551305
10.295534022697362
7.937012702116861
6.0468007763569
4.553179128056821
3.3890893728408646
2.4939508708993743
1.8146189242607211
1.3056611360906323
0.9291303304898725
0.6539979146136815
0.45538735694018445
0.3137188900647204
0.2138477174911497
0.1442517003027214
0.09630232260901604
0.06363532122873862
0.041624650608108445
0.026954926758079093
