0.007560967160724324
0.09125282214180604
0.5507963451482047
2.217285017635743
6.698986530082767
16.20990553575373
32.74860940607995
56.888184020562925
86.9171988469355
119.04116731273722
148.7271924007412
172.5079788598927
189.246150499951
200.2081554723843
208.01487805401095
215.1220260548988
222.61742995703688
229.82777248433447
234.76081491692347
235.04448596765099
228.9006358532485
215.79077933636856
196.58327487090347
173.29631905586896
148.59378030874973
125.23430991927046
105.62425542289284
91.5446119213399
84.0495141575282
83.48986015752652
89.60400468286481
101.62925974178752
118.40979837724872
138.49674753215797
160.2479796113262
181.93691938881474
201.87404030626763
218.535919090892
230.68895858732475
237.49105589664723
238.55563652924366
233.96794635995317
224.2514893584277
210.29078304883907
193.22317766379317
174.31606429800152
154.84600673531907
135.9936317327621
118.76353147776153
103.93321083498697
92.03037376153137
83.33436277045473
77.89567517766231
75.56710255303153
76.04080706058402
78.88705702123487
83.59190177966526
89.59239607788048
96.3088761708704
103.17419982441749
109.65987599526044
115.29878809199406
119.70393586600042
122.58243559073483
123.74401982285536
123.10349374495209
120.67700197797015
116.57246273452812
110.97504086456195
104.1289664917159
96.31729131663047
87.84127174020935
79.000972862836
70.07842704298662
61.324303981372644
52.948616082713066
45.11555283180562
37.94216154820056
31.500304406228487
25.821140676797107
20.901309623133848
16.710010636381455
13.196271276968256
10.295835004745859
7.937262873064619
6.0470051876419175
4.553343453275762
3.3892194311183794
2.4940522773345295
1.8146968555126488
1.305720193415695
0.9291744801067195
0.6540304853762349
0.4554110771390716
0.31373594802101673
0.213859833846987
0.14426020310856583
0.096308219168244
0.06363936303303239
0.041627389533145875
0.026956762011323594
