0.008031499722636467
0.09624121049695934
0.5767752973771115
2.3054062756095974
6.916115377109534
16.618444725447937
33.343499008414184
57.53578281721443
87.35166302724205
118.95003757292949
147.89865533876952
170.96246679874733
187.27472951236558
198.29043152330428
206.65412017409207
214.6737488778855
223.18223957108103
231.24133075963965
236.6691925594552
237.02380896250835
230.5739255158544
216.907664664776
197.04918126750906
173.1567497915725
147.99058424259317
124.353306532067
104.6495318863206
90.62778742362286
83.29548098893328
82.95587792715725
89.3070559054269
101.55676699061604
118.53020311856848
138.76814310740622
160.62436572229788
182.37245401127578
202.32593652853205
218.9665443222652
231.0674464226949
237.79449750166629
238.76976826166597
234.0872161573103
224.27844275456508
210.2348153572029
193.09880549098423
174.1409428074195
154.6389423979254
135.77281425893858
118.54514624949793
103.73051349504324
91.85323059684306
83.1891985318732
77.78573168501146
75.49289782498788
76.00069162104761
78.87778444858752
83.60915687700368
89.63124979412348
96.36415725549644
103.24078715419648
109.73292257540821
115.37388927066674
119.7772523140421
122.65077811456226
123.804899722487
123.15514021804333
120.7183473925908
116.60309732053709
110.9951400432176
104.13919607295571
96.31869756797389
87.83516443921856
78.98880965755596
70.06170674000705
61.30447490892484
52.92700369857892
45.093308570433216
37.920232821331375
31.47942392022003
25.801831956834853
20.883904898498916
16.694677020254936
13.183041387059072
10.284638699899915
7.927957497176389
6.039402495201093
4.5472321424748445
3.3843828612514844
2.490281457959683
1.8117991528831652
1.3035244130297923
0.927533074514655
0.6528196321879924
0.45452930344908726
0.31310187156735614
0.2134094705717309
0.14394417189646058
0.09608906812693305
0.06348915344142166
0.0415256053357348
0.02688856359016108
