-0.0011024549667410849
-0.0023623789557396108
0.015040083492092344
0.13397528174374757
0.6140055438170431
2.0989451651952615
5.879113410855451
14.054249251910155
29.364965406912184
54.52228630216103
91.10221147016328
138.38308700026403
192.68463667791434
247.65675011778475
295.5781759479606
329.2612120209427
343.875991573319
338.0535320712541
313.954028444785
276.4067986177465
231.53634295113446
185.375563566997
142.8496307433161
107.29367505056815
80.45809387486037
62.82887543999407
54.06196799196809
53.37388246758665
59.80431613376521
72.33622551922397
89.90588263640738
111.35615851869677
135.3856331865835
160.53226508289399
185.21088356213303
207.80442480247495
226.7933872284502
240.89857389812755
249.2095656806822
251.27502894590063
247.13932889927267
237.32068784633594
222.7367702898536
204.59190944939573
184.24482000344082
163.07618275452316
142.37249596516025
123.23728175034897
106.53459152486579
92.86412439945134
82.56310707960067
75.72781101054451
72.24713651236985
71.84165103048247
74.10323099399643
78.53242515655448
84.57236024441255
91.63916904549623
99.14945808731595
106.54533002752207
113.31711872132787
119.0235015139067
123.3082217957162
125.91242520809719
126.68164998646634
125.5668073851463
122.61897587509975
117.97841253939488
111.85874758469457
104.52777724971358
96.28653989864466
87.44842000039291
78.31988218529045
69.18413022093868
60.28857093655201
51.8365059062152
43.98303554713197
36.83479044019078
30.452835063904857
24.857932972294
20.037316030425
15.952146963351707
12.544979553717742
9.74667684879454
7.48241864491029
5.676593722935307
4.256514369166236
3.1550017050284
2.311967240468131
1.6751604890139031
1.2002692066458371
0.850554262286927
0.5961821262787613
0.41339075222919314
0.28359440437253614
0.19250357816517683
0.12931006427239325
0.08596572843951106
0.056567114539584955
0.0368462747241646
0.023760651261795013
