0.007537351246065189
0.09100127206191935
0.5494797517178577
2.212794943237267
6.68785592891746
16.18881118226684
32.717598356886135
56.853896834494044
86.89322405267554
119.04379934397032
148.76788003181287
172.5863848701983
189.34788180106415
200.30872117002508
208.0880733364413
215.1488592992663
222.59188420452375
229.75759162238904
234.66381321089153
234.94244692330784
228.8132358229824
215.73135180606542
196.55716303053208
173.30157197090807
148.62334411426392
125.27871593654098
105.67400177644842
91.59179180682763
84.08859581826172
83.51776857677017
89.61976325436747
101.63344553296474
118.40399525637885
138.4830948021772
160.2288420971575
181.91466184819845
201.85087370209303
218.5137899618846
230.6694650064193
237.4753859321759
238.54453296495134
233.96170338491766
224.24998412467923
210.29353969336776
193.2294559794115
174.32496148933686
154.85655948213545
136.00490709125634
118.77469832577992
103.94358763894952
92.03945244159911
83.34181162643598
77.90132581380146
75.57092645089408
76.04288710605987
78.88755825241581
83.59104427642994
89.59043159305956
96.30606903043933
103.170811904
109.65615521320437
115.29495977633643
119.70019645151886
122.5789482792586
123.74091201165692
123.1008561419792
120.6748893586514
116.57089625909978
110.9740117907295
104.12844101565896
96.3172161852368
87.84158022104977
79.00159064752201
70.07927769538199
61.32531361707934
52.9497170670046
45.1166863940636
37.94327931698741
31.501368958472476
25.82212525955497
20.902197244013557
16.710792730040378
13.196946144316641
10.296406194552452
7.937737639172539
6.04739311505873
4.553655308072839
3.3894662558487116
2.494244727610489
1.81484475508817
1.3058322742141348
0.9292582690054764
0.6540922997550018
0.45545609469312076
0.3137683217335272
0.21388282916537968
0.14427634043313683
0.09631941019073313
0.06364703396600542
0.041632587755244525
0.026960245163437497
