0.00799059216043639
0.09580928029946291
0.5745355095722241
2.2978442838502633
6.8975807691869075
16.583790884202656
33.293464079558674
57.48207516824685
87.31702665193252
118.96073937316937
147.97192302955077
171.09553864288463
187.44201187849288
198.45086200737853
206.76533319425752
214.70650226202673
223.12917458415535
231.11744123099058
236.50514993453146
236.85570725444526
230.4334349280112
216.81544200253603
197.01259377764006
173.17137195027505
148.04400134908738
124.42957944639683
104.73304213012811
90.70578543100973
83.3592335568989
83.00069570978245
89.33163930997426
101.56228511109583
118.51939747232622
138.74460336469315
160.59200902655397
182.3351727988288
202.28735857965862
218.92985775679767
231.0352640324229
237.76875565489854
238.7516682203476
234.07721827267602
224.27631877403633
210.2397548886643
193.1095634925205
174.15600870788242
154.65670949117373
135.79173027695586
118.5638313771252
103.7478389074861
91.8683572631085
83.20158130869113
77.79509697682082
75.49920422810321
76.00408236385199
78.8785386862349
83.60764464852407
89.6278932524606
96.35939900565283
103.23506535004559
109.72665182968942
115.36744630752295
119.77096546739132
122.6449200753814
123.7996832251442
123.15071654373708
120.7148076240982
116.6004762182467
110.99342226774914
104.13832430632124
96.31858193251648
87.83569251836414
78.98985640424202
70.06314361926128
61.30617774751233
52.928858884388454
45.095217430910495
37.92211418865769
31.481215041049296
25.803488013469767
20.885397471388398
16.69599184050565
13.18417570930886
10.285598580480256
7.9287552010421045
6.0400541879488685
4.547755959341059
3.3847973891992105
2.490604623211262
1.812047475593177
1.3037125725399752
0.9276737209220549
0.6529233803444181
0.4546048514207164
0.3131561946747697
0.2134480524816062
0.14397124443114045
0.09610784058039983
0.06350201975249163
0.04153432331668689
0.02689440461860948
