0.0002730481611934438
0.004457956708736627
0.036391708236075376
0.19805133717306753
0.8083778056017804
2.6396173540624046
7.182676932894211
16.752704385642186
34.18941153868312
62.022023794279306
101.2611954282843
150.29626183731233
204.48731254163212
256.81844681073574
299.5091752592256
326.02519397987135
332.74437861547943
319.70625712900335
290.28382481957954
250.03703895737274
205.2461460770864
161.6176215487205
123.47057963008686
93.47130769036815
72.79623711547649
61.519385530286606
59.03160049772311
64.36613546745978
76.38477770544294
93.84124324742459
115.37208538276963
139.47170262020313
164.49564253619894
188.7149939035611
210.42231132823966
228.0717264043384
240.42564847676894
246.67854030449237
246.53366486820772
240.2191143635672
228.44182687401855
212.28966233795884
193.09961623436286
172.3136807538561
151.342729627203
131.4541323701285
113.69221440772922
98.83388440047365
87.37613937583873
79.54855124846283
75.34242992383108
74.54882714915267
76.79925618255774
81.60522796230785
88.39480997643145
96.54597103392884
105.41729911337075
114.3768043679164
122.82913251810875
130.24087600415
136.16304114047958
140.24931222881426
142.2686636147974
142.11112918189838
139.78608573679276
135.41312698596332
129.20635953367463
121.45360929734454
112.49248393862422
102.6854367808149
92.39591095287754
81.96734288928488
71.70633665682142
61.87076563077798
52.66299725206659
44.227939479151985
36.655223337030016
29.984590104314748
24.213446759343466
19.305573338844994
15.200082461518244
11.81991029974217
9.079325812247525
6.890151825006029
5.166575675189545
3.8285750269286156
2.804090371773501
2.0301402896870524
1.4531039237314156
1.0283950243714386
0.7197319059542754
0.498175839827359
0.3410736216809002
0.23100345889852225
0.1547903662401076
0.10262983274667187
0.06733729815598055
0.043725748364347776
0.028103762982970907
0.01788062018760543
0.01126252782247068
