0.007557434165018644
0.09121519698917156
0.550599458583681
2.2166137106456585
6.697322819784885
16.206753463875216
32.74397732905962
56.8830658365333
86.91362592795035
119.04157351774587
148.73328532440138
172.51970364293166
189.26135243346386
200.22317320053025
208.02579718435976
215.12601265784522
222.61359006999427
229.8172679114129
234.74631050783353
235.02923744727627
228.8875821039211
215.78191021243637
196.57938590751166
173.29711622361867
148.59820786233735
125.24095218145985
105.63169252892749
91.55166286835758
84.05535307912155
83.49402831008669
89.60635676500794
101.62988244036865
118.40892865300822
138.4947052083854
160.24511811994714
181.9335920997046
201.87057758283117
218.53261177366485
230.68604544144998
237.48871441677
238.55397766648255
233.96701402657214
224.25126514421873
210.29119579012914
193.22411669667616
174.31739466709618
154.84758444799965
135.99531734454422
118.7652007692776
103.93476194967857
92.03173077088717
83.33547610977878
77.89651969058167
75.5676739891524
76.04111781934093
78.88713177958694
83.59177344010851
89.59210227579887
96.30845641997743
103.17369327142517
109.65931970008455
115.29821573743344
119.70337681562432
122.58191424017835
123.74355521537834
123.10309943914628
120.6766861608676
116.57222856800587
110.97488704035347
104.12888795511545
96.31728010549998
87.84131787746946
79.00106523899703
70.07855423063327
61.32445493472162
52.948780690426524
45.11572230782115
37.94232866119678
31.500463561702507
25.82128787544561
20.9014423248534
16.710127560895
13.196372170478776
10.295920397979442
7.937333850623692
6.0470631826056565
4.553390075263588
3.3892563310580086
2.494081048285306
1.8147189661544632
1.305736949187153
0.9291870062831774
0.654039726407
0.4554178070868678
0.31374078775205155
0.2138632715399881
0.14426261555766354
0.09630989216605165
0.06364050979369602
0.04162816663588477
0.02695728272030908
