0.0002219718187391483
0.0036763034305511604
0.030443519804398668
0.1680688072629907
0.6958900669129437
2.3050701480291833
6.3627727907563845
15.054346516388827
31.16631722415969
57.35306326878577
94.98837065619122
143.01842436568487
197.3903670542469
251.47805818784812
297.5054373284461
328.5027564351373
340.0820655014061
331.4119398573786
305.1333176864691
266.3824463838902
221.37139817166053
176.0285050923022
135.05609400287983
101.53251419371118
76.98251617788961
61.72893879536895
55.32572762438453
56.925546848483656
65.51217696975306
79.99560921228932
99.21017302203684
121.8714639908297
146.54265700646036
171.64376090042686
195.51633067768182
216.53682765123048
233.2578023888862
244.54913285239607
249.7118659578257
248.54362072001982
241.3448334447818
228.86666428889674
212.21153924693917
192.70412807377673
171.75312619938083
150.72266687690538
130.82755789281745
113.06031325108061
98.15167452015807
86.56121187306856
78.49136096639772
73.91703046118258
72.62339406692894
74.24607721797462
78.31000467398538
84.26512198634515
91.5186578999923
99.4643912894876
107.50955421720047
115.09970708380992
121.74139250958476
127.02184070238529
130.62464016382327
132.3402064504718
132.07009869958114
129.82469825955891
125.71437747935381
119.93493028865304
112.74859589852981
104.4623949534815
95.4056640907301
85.90861189822444
76.28345544847416
66.80928747178491
57.72133921059107
49.20481326851215
41.39302450962946
34.36924820168663
28.17145569677335
22.799021885720773
18.220502197656185
14.381675885188212
11.213207349996251
8.637458834843551
6.574170262054601
4.944885874312004
3.6761402942517463
2.7015131335869906
1.9627214622643856
1.4099474496969306
1.0016008375068008
0.7036999970578316
0.4890282912349331
0.336190393100896
0.2286607946204393
0.1538871533928616
0.10248620131939057
0.06755039999562647
0.04406929596496155
0.02846001869020306
0.018195728333256757
