0.007709388615496849
0.0928311447472926
0.5590426797637305
2.2453547477027547
6.768421511648981
16.34116319422209
32.94092714294673
57.09966924374121
87.06299042115958
119.02022256595528
148.46939486112564
172.01700818754904
188.61297413870707
199.58577856326747
207.56588499548502
214.9631953941841
222.78438644784126
230.27068764864308
235.36781601081304
235.6797925777697
229.4422761017211
216.15668227865604
196.74121091679268
173.25931168380023
148.40632233333744
124.95560003833526
105.31342648973855
91.25069042738268
83.8066639436248
83.31695180424978
89.50689311681187
101.60419322486024
118.44682010094321
138.58249179990938
160.36770918056345
182.0759156565883
202.01855051893938
218.67383962610973
230.81035597766652
237.5885496203073
238.62461899284196
234.00660374965915
224.26060497786477
210.27333808976468
193.1837982380007
174.2603869575844
154.78004224149944
135.92319861339462
118.69381105757844
103.8684499966491
91.9737367500335
83.28791349710075
77.86045918376404
75.54329338748637
76.0278839907931
78.88398749574368
83.59731046297442
89.60471051600035
96.32644582828587
103.1953897149154
109.68313840768893
115.32271642019113
119.72730392872988
122.60422471991589
123.7634349267849
123.11996884378205
120.69019548696569
116.58224299714966
110.98146296546028
104.13224201748844
96.31775329622437
87.83933734945983
78.99710654548443
70.07310647636862
61.317990846288204
52.941732967129816
45.1084669049676
37.93517497879548
31.493650940013147
25.814987383092355
20.89576258469528
16.705123286498797
13.19205415520805
10.292265871121208
7.934296348571787
6.044581338639848
4.551394976780308
3.387677305591293
2.4928499064484284
1.8137728466030336
1.3050199804392315
0.9286510297959529
0.6536443240149827
0.4551298535280227
0.31353371447923273
0.2137161886538877
0.14415939989859372
0.09623831486606171
0.06359144778211677
0.0415949203043941
0.026935005900927823
