0.00829893632148908
0.0990569664777449
0.5913325249572451
2.3543938585326267
7.035742283819899
16.84111777074255
33.66308833794798
57.87539948497973
87.56432521167447
118.86806153316469
147.41466260365968
170.09877281298898
186.1997604147481
197.2696554037196
205.95826011830565
214.48661898203028
223.54592801057277
232.05486914713424
237.7326784702631
238.1047478636346
231.47019986439514
217.48911204791978
197.2713423459884
173.0505376551836
147.63743806988396
123.85641207725158
104.10925673700832
90.12556625447458
82.88671363602943
82.66996699458748
89.15173984170983
101.52408934600264
118.60226591972197
138.92172544899395
160.8342267166281
182.61355937287448
202.57497601365844
219.20304370545796
231.2746353243677
237.95995964879592
238.88582038327348
234.15094607626847
224.29137213654442
210.20221259908718
193.02873380045202
174.04316898240384
154.52384435140684
135.65041055114514
118.42433615575494
103.61857204045826
91.75555997440223
83.10930327504893
77.725364059099
75.45231261185246
75.97895345824747
78.87308225055128
83.6190944146984
89.65309569072224
96.3950490952491
103.27789201916048
109.77356014139178
115.41562437494193
119.8179627654082
122.68870157050385
123.83866160254098
123.18376341308365
120.74124417511723
116.6200442853043
111.00623785098219
104.14481689710614
96.31942413517254
87.83172517248379
78.98201454763004
70.05238817758507
61.293436890583834
52.91498171925836
45.080941306283194
37.908045551473
31.467822664094374
25.791106597953203
20.87423915795288
16.686163022053766
13.175696676585366
10.278423871230796
7.922792983101623
6.035183508686778
4.543841175509647
3.3816995080602776
2.4881896127413374
1.8101918305759934
1.302306559640278
0.9266227833125495
0.6521481794581756
0.45404037912908085
0.3127503211788591
0.21315979780702873
0.14376898519939707
0.09596759554711425
0.06340590109054947
0.04146919693089702
0.02685077133122193
