1.0660045912998515
5.70414757753188
15.267883139698732
27.282300067587627
36.728463144013205
40.13025310338105
38.1936591858842
35.185864489732865
36.57368431063213
46.96493587840204
69.02804740044228
103.03663838966224
146.6879295916454
195.25716522859526
242.31451802829076
281.01983343681843
305.67206731565517
313.0053017946636
302.8056526937484
277.7023398104581
242.29701824348928
201.9915442524218
161.8964204399584
126.08328282041714
97.26850882098422
76.8629361722707
65.24057285151747
62.07106847174188
66.60284516785839
77.84428495334406
94.64385323291143
115.70338795665329
139.5699898125264
164.64582359136017
189.2390444400726
211.66005586855482
230.35079176051428
244.02403915303697
251.78633025786849
253.2212359154182
248.41824874827066
237.94331042317165
222.7577037137402
204.10022886038246
183.3519341066073
161.90285737757716
141.03690791165965
121.8454646382804
105.17400935063289
91.60050032480125
81.44014654907113
74.76914587670349
71.45968933552814
71.21964809210519
73.63222954649451
78.19291047061202
84.34266360366722
91.49762553427124
99.07584526806622
106.52170172426104
113.32817817958103
119.05665642902694
123.35344255931736
125.96199821465925
126.72988808892467
125.60975450487203
122.65412446122099
118.00444107720631
111.87527948007889
104.53516045553192
96.28564689455011
87.44046880213114
78.30628000572406
69.16634174429535
60.268012778872084
51.814467848024215
43.96062779885774
36.81291482646008
30.432176837877613
24.838969162899833
20.020335858174402
15.93727992469204
12.532227197549366
9.735944943290109
7.473547238883109
5.669383433562435
4.2507479894235045
3.1504608610678027
2.308444311798811
1.6724663282085557
1.1982373745445298
0.8490425550211956
0.5950721426665221
0.4125861648217355
0.2830184816120378
0.19209638006681515
0.12902561491303366
0.0857693646328499
0.056433125878076335
0.03675588651430097
0.02370035720557623
