0.007595444848247497
0.09161986231653971
0.5527162624123696
2.22382843808443
6.715195534046466
16.240597923846195
32.79367944897411
56.93792420615723
86.95181323676363
119.03697486928473
148.6676241090706
172.39365100535954
189.09811714796115
200.06210001777012
207.90889138314202
215.08363036669311
222.6552356454078
229.9303813692374
234.90222539570803
235.1929840476289
229.02762896719423
215.87693836401235
196.6209064438259
173.28833219181377
148.5504863013379
125.16950814752063
105.55177186141923
91.47593725837845
83.99267665449382
83.44931298271425
89.58115110956253
101.62324729744365
118.41831444995401
138.5166751245895
160.27587612889891
181.96934379303335
201.90777604102058
218.56813463878933
230.71732959479115
237.51385470069084
238.57178352514887
233.97701483752286
224.25365956242908
210.2867489595978
193.2140178850077
174.30309389852985
154.83062865650155
135.9772044628608
118.74726506728565
103.91809739507929
92.01715276438382
83.32351683262642
77.88744913239383
75.56153758452587
76.03778217491042
78.88633164321644
83.5931552255601
89.59526157713017
96.31296867128522
103.17913786304722
109.665298450807
115.30436675467676
119.70938461626834
122.58751672022075
123.74854778093668
123.10733642846994
120.68007962948093
116.57474456683644
110.97653965205564
104.12973151749203
96.3174001957851
87.84082172183425
79.00007222909773
70.07718717143662
61.322832527401644
52.94701159223778
45.11390093269271
37.940532714364764
31.498753158163744
25.819705987613357
20.900016244373884
16.70887104138902
13.195287935317738
10.295002740470172
7.936571112629278
6.046439961777995
4.5528890726631
3.3888598043002753
2.4937718772383985
1.8144813675951825
1.3055568943418336
0.929052402611454
0.6539404246683632
0.45534548911514294
0.3136887816963491
0.21382633144839258
0.14423669243836057
0.09629191493812425
0.06362818730527206
0.0416198163301858
0.02695168749818267
