0.008368136230987677
0.09978331265914803
0.5950754287471544
2.366944675448423
7.06626810599396
16.897662917255055
33.743711066623035
57.96011735245865
87.6155861188478
118.84359362620683
147.28812086371707
169.87708641344813
185.9267898463186
197.01324959223882
205.78674207318517
214.4455340835284
223.64453171649427
232.26625234865654
238.005308595847
238.37943570671695
231.69600511071994
217.6336904342426
197.32419557205662
173.02019491079977
147.545036073435
123.7283627591209
103.97104893251596
89.99774491212705
82.78315067850569
82.59792940876883
89.11302540794266
101.51655617688114
118.62129177497445
138.96137086243613
160.88806206978947
182.6752204287561
202.63854268476118
219.26331910379932
231.32736515543706
238.00199758485016
238.91522481381392
234.16699000364093
224.2944571989759
210.1936937196125
193.01067625151865
174.01806998873244
154.49435451611478
135.6190865667456
118.39344735456085
103.58997206070704
91.73062383662362
83.08892148651374
77.70998004983817
75.4419879689293
75.97344646254207
78.87192813495969
83.62167948183139
89.65872104683405
96.40298267132478
103.28740948622213
109.78397629272382
115.42631673996031
119.82838892311254
122.6984111308651
123.84730334982477
123.1910877974441
120.74710125043985
116.62437730223002
111.00907295748775
104.14624968887355
96.31960405254317
87.83083889910871
78.98026959592805
70.04999774517496
61.29060686166016
52.91190040295192
45.07777219428054
37.90492308126797
31.464850725397802
25.788359339126632
20.871763545121784
16.683982572633923
13.17381581962051
10.276832462428082
7.921470604463845
6.034103294037838
4.542973010034767
3.3810125424147675
2.487654104754731
1.8097803783238882
1.3019948198350348
0.9263897816688039
0.6519763189868515
0.45391524246671267
0.3126603479552653
0.21309590087711852
0.14372415265580704
0.09593651030754116
0.06338459732252341
0.04145476289063777
0.026841101223354643
