0.007953036121408151
0.09541244765205298
0.572476125351783
2.2908855180173764
6.88050848672646
16.55183473160967
33.247253584726494
57.43234590476829
87.28472061126861
118.97011859919526
148.03899656360696
171.21792910828248
187.59626598570011
198.59917506619226
206.86858303543565
214.7375721115157
223.08108555119333
231.0038475623247
236.35422978883588
236.7007229509524
230.30364218113772
216.72998499102977
196.97837347682255
173.18439975329133
148.09289132098112
124.4996620114161
104.8099150915715
90.7776735004436
83.41805660596164
83.04210214850053
89.3544077896022
101.56747708423599
118.50953050467575
138.722981932767
160.56224276946782
182.3008503831875
202.25182550484828
218.89605449174806
231.00560075091204
237.74501902622106
238.73496735820578
234.06797941174955
224.27433346488394
210.244278066903
193.11944933667942
174.16986643314556
154.67305941383864
135.80914256171576
118.58103480852178
103.76379330419472
91.88228928961121
83.21298830524997
77.80372642604233
75.50501753192695
76.00721104904898
78.87923954326547
83.606258236404
89.62480817818088
96.35502275068794
103.22980132426564
109.72088178283877
115.36151711216668
119.76517944672305
122.63952832502724
123.79488164239999
123.14664445090793
120.71154892460711
116.59806296537784
110.9918403929868
104.13752109487221
96.31847469314151
87.83617780705796
78.9908191445696
70.0644655179083
61.30774451994851
52.93056596174137
45.096973990901695
37.92384551762797
31.48286337226271
25.80501208728096
20.886771120858146
16.69720192338229
13.185219690420372
10.286482026801439
7.92948939514029
6.040654003720688
4.548238084641661
3.385178928628372
2.490902074046141
1.8122760416310066
1.30388576380715
0.9278031801070356
0.653018877161643
0.45467439154977113
0.3132061982857143
0.21348356688148146
0.1439961647501824
0.09612512081248895
0.06351386342468064
0.04154234844511121
0.02689978148312453
