0.009081436020368566
0.10721852705254681
0.6331082099300772
2.493458703560487
7.3711893202041265
17.456301449338497
34.52830773330792
58.76320413952225
88.06136648193717
118.52159171283753
145.95860643125766
167.63623128729094
183.23149651825636
194.54284788409362
204.2064357551552
214.1802601260988
224.75447946940633
234.45815675257307
240.7536580204568
241.09654642200297
233.887203512182
218.99490867666577
197.7688608610349
172.6472032747391
146.57298804418735
122.42264631232595
102.58348455423871
88.72840931634954
81.7648896924007
81.8982784427586
88.74617736908333
101.45875615808352
118.82521163114212
139.36739035425296
161.43219205080268
183.29438450325813
203.27418480575696
219.8640955462149
231.8512963875508
238.4181112314851
239.2045250123251
234.32256018453356
224.32060212561447
210.10418596227154
192.82632696554816
173.7639472405306
154.19700313767382
135.30406414819313
118.08340098168514
103.30336711486237
91.48112629928005
82.88534871768353
77.55668235584497
75.3395054359948
75.91929635677755
78.86140761326544
83.64860567877774
89.71606676902057
96.48339494727013
103.38361740122087
109.88910400596227
115.53411933857919
119.93342568304271
122.79616569391085
123.93425556735572
123.26473893731388
120.80595342805987
116.66786916531284
111.03747614667104
104.1605335435788
96.32127861055125
87.8217878379733
78.96258506470632
70.0258280128097
61.262025584804675
52.880803470910664
45.04580498513472
37.873437981552364
31.434892259964503
25.760672440347694
20.84681944397152
16.662016485941287
13.154870919439087
10.260805376119706
7.908154722909472
6.023227287995901
4.534233030583019
3.3740975117631375
2.4822642327573545
1.8056395500793747
1.2988578027015838
0.9240453270571434
0.6502472264911848
0.4526563541769161
0.3117552883239617
0.21245320432012457
0.14327325070004596
0.09562389781462688
0.06317037118689386
0.04130962916294988
0.026743876524696897
