0.008617822299762472
0.10239660166511702
0.6085009386030886
2.411814604332943
7.174990951021687
17.098144773973303
34.02779456291088
58.255453963101544
87.7883044671231
118.7448630283519
146.82758413144512
169.08345002946814
184.95910669219296
196.11346136049536
205.19565712648088
214.3209073718914
224.01449922307188
233.0312845774573
238.98021606688548
239.3539027020594
232.49069670423003
218.13624668320728
197.4999698886827
172.90163024720164
147.20854815068253
123.26826875501776
103.47772224646364
89.54359170890936
82.41671978926975
82.344342439944
88.97811695996192
101.49234028112834
118.69112987339045
139.10406411752552
161.08074621197028
182.8953038891286
202.86502883028166
219.47778541382849
231.51473838150508
238.15114121800084
239.0192840217083
234.22342745806964
224.30474704190394
210.16269683023592
192.94577473261296
173.9281756189144
154.38891705415872
135.50721400436618
118.28321834076604
103.4879804616165
91.64175625819739
83.01633771621962
77.65524751092315
75.4053148147633
75.95396170184725
78.86796760751342
83.63104977464636
89.67892633092315
96.43140980369267
103.32147359336867
109.82123246447665
115.46454412242029
119.86565242466315
122.73310416558259
123.87817335018826
123.21724513543103
120.76801189838277
116.63983996890808
111.0191823109691
104.15134831760649
96.32022672818815
87.82765327114586
78.97401755503168
70.04144133081294
61.28048183725017
52.900879613573224
45.06643971439229
37.89375910222259
31.454226243332723
25.77853905850163
20.862915041195514
16.676189646140482
13.167094086883044
10.271145494291645
7.916745292162152
6.030243518299964
4.539871071505663
3.3785581416835386
2.485740919150771
1.8083104638339456
1.300881174195423
0.9255574499526271
0.6513624203887443
0.4534682617196011
0.3123389807866431
0.21286768149873805
0.14356403084490652
0.09582549159799439
0.06330851505452503
0.04140321626843928
0.026806568639533797
