0.007518362242722755
0.09079892291079415
0.5484202089725007
2.209179797786775
6.6788894640375585
16.171807501537426
32.69258022665504
56.82619853481006
86.87378895019253
119.04577313918543
148.8005275413643
172.6494854532351
189.42987922724117
200.38989395240486
208.14728328022184
215.17075261691713
222.57155193604737
229.70122257774284
234.58573366513906
234.86020830264042
228.74271367870782
215.6833229634151
196.53596755272065
173.30566598488755
148.6470612133157
125.31443279087252
105.7140594352914
91.62981116680969
84.12010949953
83.54028930422885
89.63249658095795
101.63685137636074
118.39934703941361
138.47211521477206
160.21343665623357
181.89673661372197
201.83221105423593
218.49595925690886
230.65375476811448
237.46275424108669
238.5355790339853
233.95666489929283
224.2487626705746
210.29575233759724
193.2345067064272
174.33212318299388
154.86505616034137
136.01398715382516
118.78369213221228
103.95194601222657
92.04676591534773
83.3478128199505
77.9058789118384
75.57400833895178
76.04456443618386
78.88796387784184
83.59035540935314
89.58885097560696
96.30380954474089
103.16808446676517
109.65315950419527
115.29187728300934
119.69718539155171
122.57614010513171
123.73840933970712
123.09873204017293
120.67318795639024
116.5696346136481
110.9731828771827
104.12801762544346
96.31715544559374
87.84182840256943
79.00208791804198
70.0799625074036
61.32612647619962
52.950603509978755
45.117599094395715
37.94417932135995
31.502226129269506
25.82291805106842
20.90291197021823
16.7114224909525
13.19748956927428
10.296866139068856
7.938119942633413
6.047705494377646
4.553906431544293
3.3896650146931586
2.4943997017051878
1.8149638546491433
1.3059225304080393
0.9293257427425351
0.654142078071166
0.45549234694059076
0.31379439214232147
0.21390134729026952
0.14428933588303527
0.09632842240938588
0.06365321145914914
0.04163677396531238
0.02696305021406005
