0.00019689264875667623
0.003287582361877376
0.027446930745983738
0.15276352549869204
0.6376859123379917
2.129530976404252
5.926248509017082
14.136079434247685
29.504358181337114
54.738248935892656
91.39833211782349
138.73730902241846
193.0458334445955
247.9517687482752
295.7286121407527
329.2044927325677
343.58307683983105
337.53694495750545
313.264078915106
275.6184990231163
230.73243750388284
184.63136270458833
142.22343214859137
106.82377028414112
80.16499814915208
62.72020539043155
54.13738406847305
53.62831908102606
60.228826885932946
72.91675839812248
90.62094535996387
112.1745791619438
136.26551305591627
161.42185698655896
186.0516248582191
208.53582919604156
227.35906160422257
241.2523625550809
249.32078127564083
251.13190503679263
246.75017253352587
236.71263671350826
221.9524701145802
203.68473890749505
183.27344993802623
162.09925206167745
141.4440441873929
122.40334974893537
105.83114732392309
92.31624564022201
82.18519134418767
75.52450562139728
72.21467521280242
71.96933689303549
74.37488708667227
78.92772159006094
85.06799864292002
92.20995198417889
99.76928887599237
107.18818151730439
113.95798698552274
119.63933124467702
123.87876416169497
126.42097236133309
127.11558675993463
125.91793009252567
122.88354794969764
118.1569527490861
111.95557381326805
104.55035276823835
96.24468618658823
87.35346856330605
78.18383711933284
69.01890458045023
60.1053453770347
51.645240235049826
43.7921453869158
36.65098449469691
30.281095137803906
24.701609844830877
19.898309704305458
15.831139287872459
12.441689929833226
9.66011663209888
7.411125919558844
5.618836397126203
4.210455323973475
3.1188245430883605
2.2839647981100333
1.6537906643523936
1.1841839328481976
0.8386078244482738
0.5874247239663201
0.4070524863174102
0.27906392434445304
0.18930462781571303
0.12707822414272718
0.08442684148236632
0.05551822921055244
0.036139450945379674
0.0232896353845267
