0.007522785892882788
0.09084606853982388
0.5486671103467241
2.21002235828394
6.680979604071901
16.17577202328012
32.698415031265675
56.8326613772057
86.87832911351003
119.04532472998343
148.79292751781716
172.63478117537755
189.41076145783092
200.3709592829303
208.13346142256353
215.16562700380427
222.5762718189053
229.71434925477126
234.60392953808395
234.87938176153952
228.75916204604704
215.6945312359486
196.54092117821847
173.30472263339928
148.6415404835286
125.30611138123001
105.70472305727621
91.62094759856792
84.11276100781325
83.53503649866657
89.6295252695041
101.6360547450063
118.400428444501
138.47467313961667
160.21702687374645
181.9009147224309
201.83656146618412
218.50011604231614
230.65741747058297
237.46569944516654
238.5376669914067
233.95784014852802
224.24904810870845
210.295237196325
193.23332989910145
174.33045419331788
154.86307587168972
136.01187077304834
118.78159576598708
103.94999768963639
92.04506109947704
83.34641385281263
77.90481746568973
75.57328981318072
76.044173303204
78.8878691763883
83.59051583628299
89.58921927537169
96.30433609717606
103.16872010917977
109.65385769277677
115.2925957142315
119.69788718576707
122.57679462133716
123.73899265824173
123.09922712870167
120.67358452774272
116.56992869076903
110.97337609621769
104.1281163270741
96.31716962164083
87.84177057546047
79.00197203277939
70.07980290894857
61.3259370311232
52.95039691232624
45.11738637490116
37.94396955924051
31.502026349061175
25.822733274766183
20.902745387922273
16.711275711094896
13.197362911518558
10.296758938037014
7.938030837452541
6.047632686541879
4.553847900778331
3.3896186887401516
2.49436358085553
1.8149360952589437
1.3059014937060436
0.9293100160913944
0.6541304758132425
0.4554838973035554
0.31378831566692494
0.21389703108908445
0.1442863069006717
0.09632632183586687
0.06365177160279256
0.04163579823761487
0.02696239640786829
