0.007535624725767182
0.09098287713337838
0.5493834490755924
2.212466422958191
6.6870412917371
16.18726672900512
32.7153267140904
56.8513832002853
86.89146278912926
119.04398407259788
148.77085094656525
172.59212004382937
189.35532988974447
200.3160901199971
208.09344370941625
215.1508381632037
222.59002784426147
229.75246413827716
234.65671709804192
234.93497667399853
228.80683287356882
215.7269939522624
196.55524326453656
173.30194900250098
148.6255025395779
125.2819629866722
105.677641773827
91.59524554084432
84.09145782258248
83.51981324708937
89.62091869719089
101.63375371624925
118.403571967403
138.48209657841988
160.22744204403034
181.91303309839273
201.84917814366628
218.51217012930817
230.6680379238798
237.47423860762186
238.54371980777853
233.961245964056
224.24987347862896
210.2937410161998
193.22991511084527
174.32561236270854
154.85733159514695
136.0057321600563
118.77551551524498
103.94434706000351
92.04011689907405
83.34235683418723
77.90173943843989
75.57120639757504
76.04303943473128
78.88759503684118
83.59098161984947
89.59028791764275
96.30586367918983
103.17056404104241
109.65588298150101
115.29467966579907
119.69992283770158
122.57869310576771
123.74068460197329
123.10066313473084
120.67473476301123
116.57078162436986
110.97393647802184
104.12840255213516
96.31721067477757
87.84160278109964
79.00163584106012
70.07933992959026
61.32538748576337
52.9497976211942
45.116769333332655
37.94336110179465
31.501446850362033
25.822197300811208
20.902262191117206
16.71084995610235
13.196995524878215
10.296447989168147
7.937772378522728
6.047421500418614
4.553678127155804
3.389484316614596
2.4942588097188594
1.8148555773404393
1.3058404755286663
0.9292644001310186
0.654096822943317
0.45545938880579434
0.3137706906536952
0.2138845118343335
0.14427752127597113
0.09632022909214763
0.06364759528702783
0.04163296813658149
0.026960500044779324
