0.007568937709009739
0.09133769620411131
0.5512404255817284
2.2187989670366774
6.702738037308823
16.217011945921996
32.759050170612646
56.899716290639134
86.925241726122
119.04023487469478
148.71343892042265
172.4815337804409
189.21187679607604
200.1743099945815
207.99028417227763
215.11306784408163
222.62611625502979
229.8514779810743
234.79352790390593
235.07886548012203
228.93005780055884
215.81076081550813
196.59202604699934
173.29450605338562
148.58378552357706
125.21932605238801
105.60748362044106
91.52871414757895
84.03635140601739
83.48046571191885
89.59870531642035
101.62785942836632
118.41176251358958
138.5013548728712
160.2544332561318
181.9444226442387
201.8818483799741
218.54337630942982
230.69552668888812
237.49633476104788
238.55937606767066
233.9700476326198
224.25199394033413
210.2898514531779
193.22105945788658
174.31306381013792
154.84244865965408
135.98983049786946
118.75976717373166
103.92971312133209
92.02731383040303
83.3318523660518
77.8937710071233
75.56581418472413
76.04010652163952
78.88688865659132
83.59219138859113
89.59305878913771
96.30982287905582
103.17534225263942
109.66113057289849
115.30007886415616
119.70519661789496
122.5836113104962
123.74506756849598
123.10438294272876
120.67771416735147
116.57299078704665
110.97538773222111
104.12914357496292
96.31731657229899
87.84116766884591
79.00076451848834
70.07814019644957
61.323963542614266
52.94824485423364
45.11517062729472
37.94178467509378
31.49994548064377
25.82080871742029
20.901010357942774
16.70974695227668
13.196043746022209
10.295642429851812
7.937102808087183
6.046874400618128
4.55323831415731
3.3891362167318144
2.4939873950360982
1.8146469931741016
1.3056824070579416
0.9291462320576203
0.654009645760796
0.4553959003343132
0.31372503388757866
0.21385208147653706
0.14425476278172147
0.09630444638701506
0.06363677697383341
0.04162563709156749
0.026955587763885333
