0.007545808306307929
0.09109136752719896
0.5499513776210814
2.2144036338539106
6.691844519943966
16.196371926386853
32.72871678441341
56.866195729293324
86.90183453011731
119.04287931051431
148.7533202360753
172.55829809466238
189.31141967082215
200.27265866951612
208.0618053144227
215.13919995044722
222.60099944873858
229.78271428210255
234.69856347899622
234.9790182688551
228.8445733950215
215.75267196820894
196.5665454326591
173.2997113407802
148.61276564705918
125.26281199863148
105.65617803165405
91.57488313723006
84.07458626304944
83.50776165221927
89.61411014123222
101.63194022339418
118.40607057285922
138.4879842419692
160.23569816095227
181.9226369665968
201.85917538376847
218.52172047241348
230.67645150103726
237.4810025136974
238.548513326769
233.96394199613113
224.25052492052237
210.29255313240435
193.22720726779502
174.32177411548625
154.85277864044107
136.00086710484766
118.77069704077564
103.9398693036127
92.03619915088908
83.33914227068084
77.89930076211212
75.56955594496209
76.0421414628663
78.88737834668721
83.59135125596782
89.5911352534379
96.30707465990284
103.1720256675197
109.65748827622137
115.29633139849764
119.70153624530569
122.58019776501179
123.7420255389936
123.10180120676326
120.67564633177321
116.57145755612848
110.97438054163344
104.12862933025772
96.31724314233435
87.84146972939405
79.00136933063222
70.0789729394478
61.32495189428514
52.94932261053411
45.11628026131281
37.94287883950763
31.500987545154487
25.821772496279127
20.901879219512804
16.710512513659406
13.196704345220061
10.29620154157482
7.937567533584435
6.047254122832343
4.553543571959659
3.38937781949293
2.494175773256725
1.8147917630005752
1.3057921158300352
0.9292282475061343
0.6540701516659327
0.45543996487457616
0.3137567221897493
0.2138745898974095
0.14427055838745673
0.09631540041094268
0.06364428544095088
0.041630725208887664
0.026958997132249442
