0.008177738719689964
0.09778262857568129
0.5847536991210164
2.332289344360967
6.9818582369367945
16.741030916610665
33.519852020422064
57.72392859273323
87.47086312583386
118.90774081440165
147.6350337159363
170.4888257335076
186.68294227574378
197.72630130791322
206.26701132728473
214.56573214736784
223.37759820450586
231.68546770162456
237.25265814334645
237.6187290652258
231.06873243081043
217.2301505813646
197.17425450226054
173.100899675279
147.7982890738236
124.08120892310104
104.35288470713911
90.35152680041281
83.07025864191071
82.79803619072426
89.2209855049869
101.53818247565371
118.56931148146496
138.85219396800582
160.73947878240503
182.50485257183084
202.4627880340458
219.09657516045527
231.18142048254552
237.88557398888088
238.8337098859173
234.12240993089245
224.28571458183194
210.21705242448775
193.06043313335962
174.08732475506554
154.5757802227195
135.70561375661816
118.47879943778993
103.66902069343479
91.79956341820882
83.14528589724841
77.7525394669965
75.47056870111646
75.98871389343267
78.87516482211296
83.61458017876565
89.6432164103999
96.38109535332147
103.26114094689721
109.7552199954402
115.39679284808412
119.79959643550454
122.67159477076714
123.82343383276161
123.17085495544323
120.73091973630781
116.61240429349107
111.00123660910744
104.14228628464392
96.31910110267577
87.83328099459887
78.98508374733643
70.05659521201261
61.29841905877939
52.92040724869392
45.08652212044524
37.91354474209211
31.473057129985747
25.795945630798222
20.878599939063914
16.690004048773503
13.179010083091777
10.281227475604103
7.925122712882536
6.037086660927001
4.545370779119315
3.382909893398774
2.489133165683338
1.8109168188430003
1.3028558659747156
0.9270333576518444
0.6524510234702562
0.45426089379459245
0.31290887469769335
0.21327240135953268
0.1438479938785621
0.09602237842055136
0.06344344643061675
0.041494635720011934
0.026867814432899925
