0.022684896400093354
0.23572195477989563
1.2254387187276896
4.251647269775314
11.084608428956749
23.199039532099324
40.709585274582054
61.892274120548194
83.86239742704991
104.11175150380225
121.90670882066694
138.61161111883342
156.73293868241316
178.27909268712915
203.36416089103943
229.74331685877942
253.41580226518812
269.92797835032644
275.78019760337213
269.4143974803521
251.52069210542138
224.69486931091535
192.68420549454322
159.5267340818169
128.83599932700992
103.36503727243466
84.86083962539685
74.13599651987478
71.25209762645906
75.72142938707667
86.66965599553647
102.94220490057073
123.1670513413965
145.80080692630628
169.1844812636557
191.6248705100428
211.50322844200514
227.39992371374112
238.21565006876986
243.2678585333631
242.34500273613764
235.7091741235036
224.04732365898874
208.38009850339512
189.94351127745657
170.06125262564754
150.02446766380012
130.99204370791298
113.91915362362234
99.51629510922518
88.23644917142525
80.28490783300887
75.64497221664351
74.11287780074338
75.33649281734661
78.85400402302986
84.13045605842072
90.59130129625963
97.65288531457011
104.75004602791239
111.36086970363992
117.02831197345118
121.3780461226071
124.13169284308628
125.11459843156302
124.25757502080567
121.59245008378427
117.24180708866385
111.40383366001517
104.33363427317248
96.322642346588
87.67784671574593
78.7024307731768
69.67914067172163
60.85730466112757
52.44398112280745
44.59927876376831
37.43551870192616
31.01962861641364
25.377989411197312
20.502893723250764
16.359808541640355
12.894738092649458
10.041131325694042
7.72594492086376
5.874635814760455
4.415000696506262
3.279894015849307
2.408936930303844
1.74937822818507
1.25628884572265
0.892270240883227
0.6268402555789894
0.4356344622141765
0.2995316187190273
0.20378272568407949
0.13719694233371404
0.09141574374961246
0.060289713502795765
0.0393601118887083
0.025439268736796035
