0.008827478884408026
0.10458200860207009
0.6196797215293599
2.448999546104674
7.264610105824182
17.262324062177296
34.258357460626655
58.49140053907884
87.91917024898825
118.65001783335552
146.43661728200073
168.42470067571287
184.16693261973222
195.3875582191541
204.7315148544558
214.24335012162294
224.34112377804314
233.6758112061122
239.78813788220816
240.1524827927404
233.13457310895356
218.53610200449108
197.6304166367706
172.7917833371863
146.92268767214188
122.8844070808156
103.06986825872782
89.17053610473221
82.1174892564712
82.13876887790431
88.87035788749415
101.47540461901364
118.75110258893397
139.223420947418
161.24068121692542
183.0772807318854
203.05184027806453
219.65434400154808
231.66870856070818
238.27342209257841
239.10429420308444
234.26913528179938
224.31241844436542
210.13638002827523
192.89158632152052
173.8534830885725
154.3015217568191
135.4146270352638
118.19209534028319
103.40374805189448
91.5684305355682
82.95650980768502
77.61019572934688
75.37519770576112
75.93804945731638
78.86487797463069
83.63896555756155
89.69578221128465
96.45504473354572
103.34975065079428
109.85213084443352
115.49622845136233
119.89652368062411
122.76183499807274
123.90372919554254
123.2388916258232
120.78530881722068
116.65262234889416
111.02753000382619
104.1555462307255
96.32071868152163
87.82499289784013
78.96881975757434
70.0343375040525
61.27208144551231
52.89173987288656
45.05704421277933
37.8845053146605
31.445421161533623
25.77040162148974
20.85558374505339
16.66973362070225
13.161526018752305
10.26643499971413
7.912831645662552
6.027046972933537
4.537302322796291
3.376525760760129
2.484156794858272
1.8070934435090076
1.299959181830486
0.9248683978065808
0.6508542278101355
0.4530982656390807
0.31207297752278684
0.21267878861817238
0.1434315077457968
0.09573361272800154
0.06324555260398228
0.041360560538844376
0.02677799368896279
