0.00751934455909973
0.09080939242598425
0.5484750396996793
2.209366916926062
6.679353670449124
16.17268804077669
32.69387625185725
56.8276342150385
86.87479780120496
119.04567416492651
148.79884016824616
172.6462199856233
189.4256331046383
200.3856880153511
208.14421250426926
215.16961308838995
222.57259915581383
229.70413722714002
234.5897745879081
234.86446676541595
228.74636723681832
215.68581290103813
196.53706839437606
173.3054570502385
148.64583550944658
125.31258489252511
105.71198595624169
91.62784257320705
84.1184773188665
83.5391225286683
89.6318365096783
101.63667430747645
118.39958710079215
138.47268323499534
160.214233973329
181.8976645244738
201.83317725382497
218.49688246932064
230.65456825904573
237.46340838718248
238.53604279449962
233.95692595366194
224.24882610178938
210.2956379617274
193.23424537408107
174.33175253477827
154.8646163691132
136.01351713209303
118.78322655073163
103.95151330607182
92.04638728697475
83.34750211583912
77.90564316686628
75.5738487528788
76.04447756092996
78.88794283751588
83.59039103112013
89.58893276457798
96.30392648081306
103.168225631402
109.65331456046808
115.29203683570564
119.69734125004292
122.57628546432551
123.73853888724852
123.09884199330614
120.67327603038487
116.569699925179
110.97322578955327
104.12803954678247
96.31715859490927
87.84181556089295
79.00206218234877
70.07992706350255
61.32608440366278
52.95055762798204
45.117551852720815
37.94413273638645
31.502181761062324
25.82287701495631
20.90287497469092
16.71138989323276
13.197461440364807
10.296842331207767
7.938100153596636
6.047689324747472
4.5538934326496925
3.3896547263175187
2.4943916797425882
1.814957689652956
1.3059178584304112
0.929322250056464
0.6541395013583877
0.4554904703836838
0.3137930426338517
0.21390038871607703
0.14428866318373598
0.09632795589795079
0.06365289168470857
0.04163655726807139
0.026962905011609306
