0.007564793485133136
0.0912935682375518
0.5510095470513625
2.218011894322983
6.700787794775244
16.213317847057404
32.75362319262202
56.89372268589147
86.9210629598225
119.04072245794234
148.72059125631327
172.49528258471503
189.22969327798887
200.19190163737676
208.00306465161538
215.11771942797122
222.62159584118592
229.83915131189423
234.776520671923
235.06099386158957
228.91476488152466
215.80037636242997
196.5874798207386
173.29545122663714
148.5889832845623
125.22711657350975
105.6162028562226
91.53697844805617
84.04319354015475
83.48534871821255
89.60145946985443
101.62858673028188
118.41074092886377
138.49895935793177
160.25107807467901
181.94052194090492
201.87778931418407
218.53949971188743
230.6921123554915
237.49359067700357
238.55743222660504
233.9689554554379
224.25173180335855
210.29033590476206
193.22216075369502
174.31462374044932
154.8442984295525
135.9918066507824
118.7617241054075
103.93153144493813
92.02890455406366
83.3331574022634
77.89476087947895
75.56648392179495
76.04047066758801
78.88697614590278
83.59204079645669
89.5927142375781
96.30933069102433
103.17474832021709
109.66047834145516
115.29940781986868
119.70454118338009
122.58300008434249
123.74452287456069
123.10392067502028
120.6773439226068
116.57271627082218
110.975207409557
104.12905151882661
96.31730344721261
87.84122177721949
79.0008728352753
70.07828932402343
61.32414053090322
52.94843784881131
45.11536932756157
37.94198060327644
31.500132077999265
25.82098129542228
20.901165938819187
16.709884035256092
13.196162033746807
10.295742544708327
7.937186021792913
6.046942393415377
4.553292973235991
3.389179477689551
2.4940211256069977
1.8146729152554881
1.305702051153044
0.9291609174391107
0.6540204796966115
0.45540379032869566
0.3137307078362189
0.21385611171234264
0.14425759105085614
0.09630640774636666
0.06363812139028655
0.0416265481342342
0.026956198220218486
