0.009228394399863185
0.1087389724288619
0.6408239059248367
2.51890159049323
7.431902913922832
17.56618116187982
34.6800212690721
58.913774730630145
88.13588026485596
118.44091915134658
145.6800792699873
167.1847421817898
182.7019338137263
194.07067214323524
203.92028826566303
214.15829520288017
225.0018336507771
234.91131641250107
241.3058126996059
241.6315366685063
234.3096057167975
219.24823506305236
197.83973757090874
172.5581879459318
146.36914578935128
122.15711335676929
102.30578852852828
88.47729008758036
81.56559078108324
81.76318710715319
88.6773345591606
101.4509426726124
118.86876537656927
139.4503806565318
161.54192619752203
183.41840389295106
203.40094731324916
219.98349247216075
231.9550734050882
238.50019418754712
239.26121382050195
234.3525501386005
224.32481307918164
210.08541247092074
192.78875369990578
173.71259458893405
154.13717384609322
135.2408537423668
118.02131656295893
103.24607641624557
91.43133696199388
82.84480056563106
77.5262250499343
75.3192304469216
75.9086944507268
78.859528981999
83.65420731703206
89.72773891127966
96.49966413638501
103.40302754833262
109.91027864899374
115.55580862206655
119.95454094167611
122.81580349905826
123.95171214334427
123.27951525015014
120.8177510929131
116.67657756485805
111.04315166206024
104.16337239801544
96.32158534699704
87.8199417750482
78.95900713477772
70.02095017963128
61.25626460986692
52.874540224647816
45.0393698705661
37.86710243838146
31.4288658137065
25.755104396255742
20.841804115840482
16.65760078861795
13.151063217128849
10.257584632358093
7.905479205134469
6.021042305429377
4.5324774003375845
3.372708634955204
2.4811818087213564
1.80480805906749
1.2982279481072263
0.9235746535357773
0.6499001286216748
0.45240367014817073
0.3115736424134366
0.21232422708134913
0.14318277152464173
0.0955611739344085
0.06312739185096698
0.04128051416364715
0.026724374185744047
