0.0077434271322303575
0.09319247963953453
0.560927069164002
2.2517561678001785
6.7842207785654765
16.370949334207506
32.98441397058947
57.14721269636677
87.09525977732484
119.01437295263436
148.40978523904124
171.9048532566095
188.46925388971368
199.44535956242478
207.46554720091726
214.92910359316824
222.82418965222826
230.37268536675975
235.5063766949477
235.8240487775013
229.56466051697035
216.23878547416186
196.7759627509167
173.2498788622764
148.36294496113783
124.89177884765917
105.2425822173986
91.18390719079457
83.75163309399639
83.27789274495883
89.48508156435858
101.59873940309195
118.45544032951797
138.60214005562366
160.39503572887503
182.10757930949245
202.05143137108712
218.70519291309196
230.83792987017273
237.61067207174455
238.6402477753986
234.01533124794727
224.26261348590035
210.26930900214126
193.1747862643352
174.24767581731606
154.7650000003098
135.9071489380849
118.67793213650597
103.85370708117956
91.96084859605253
83.27734847178641
77.85245401171439
75.53788651488439
76.02495604488618
78.88330279950652
83.59855547811955
89.60752696153118
96.33045774037353
103.20022473111965
109.68844407441823
115.32817243570024
119.73263109052958
122.60919109259555
123.76785950222161
123.12372280459716
120.69320113428056
116.5844704560211
110.98292490230416
104.13298674956071
96.31785680201682
87.83889476932303
78.99622377724248
70.07189241952817
61.31655074152741
52.94016313410325
45.106851023427375
37.93358190689619
31.492133936420533
25.813584506995827
20.894497994314765
16.704009140610918
13.1910928376537
10.291452296663378
7.933620160501069
6.04402886541392
4.550950869597451
3.387325826094082
2.492575870875783
1.813562258732031
1.304860401172394
0.9285317378179554
0.6535563216456448
0.4550657669086584
0.31348762953839027
0.2136834555332937
0.14413642988139425
0.09622238611711657
0.06358052979757156
0.04158752200752556
0.026930048749085216
