0.007609402988376856
0.09176838741449402
0.5534927844792505
2.2264735461912446
6.721743912880066
16.25298866078215
32.81185732892278
56.957954961669245
86.96569687758546
119.0351604532378
148.64345254473227
172.34741329748618
189.03835057299713
200.00322661501116
207.8662761387809
215.06834697010055
222.67071171357873
229.97197149456235
234.95940514572868
235.25294396564516
229.0788383570411
215.91161782438917
196.63597729100587
173.2849924311091
148.53291472985157
125.1432831782765
105.52247536586451
91.44820349362591
83.96973982113634
83.43296381752303
89.57195019337756
101.62084617851053
118.4217768026132
138.5247411507213
160.28715543366886
181.98244709744174
201.92140492869612
218.58114623706854
230.72878582588405
237.5230584205653
238.5782992730826
233.98067079530222
224.25452900034756
210.28511258034192
193.21031166770416
174.29784925136846
154.824412398246
135.97056538039914
118.74069192548107
103.91199087817584
92.01181147565963
83.31913560570595
77.88412674698448
75.55929056276683
76.03656153785256
78.88604011929547
83.59366319510792
89.59642081397405
96.31462357294669
103.18113428411017
109.66749046930478
115.30662174960338
119.7115869757602
122.58957039562978
123.75037780098437
123.10888942071743
120.68132337534419
116.57566663762043
110.97714522316717
104.13004051804202
96.31744400391882
87.84063964934963
78.99970804530828
70.07668589512002
61.32223767151403
52.94636298672079
45.11323318538546
37.93987430755623
31.498126125705248
25.819126079243233
20.899493461760898
16.708410423736574
13.19489047873315
10.294666351167557
7.936291515535404
6.046211509628293
4.552705423256276
3.3887144531383693
2.493658548135754
1.81439427460533
1.3054908947740604
0.9290030636313357
0.6539040258585113
0.45531898131340975
0.31366971925129544
0.21381279140906725
0.14422719062408296
0.09628532563675923
0.06362367069651731
0.04161675567875215
0.026949636684028312
