0.01640848999276456
0.17911912614751552
0.9780997429658698
3.563526662975997
9.750918726152848
21.397409665634807
39.29491236448902
62.30625254135418
87.51843673464181
111.52367431371243
132.09113608207304
149.17600102872905
164.65739483490688
181.01255715579907
199.72563832719888
220.27217927027078
240.10703389801313
255.54261115307048
263.03649361021405
260.3358194169069
247.0978150795187
224.88031604711298
196.6355057605462
165.9654028555861
136.39877480778958
110.86507634240536
91.42825903795205
79.24927153264484
74.69517711862855
77.50611671344393
86.95477544981097
101.96783019366626
121.20961565449056
143.1464718412917
166.11437206695805
188.4057124720744
208.37894595145497
224.5823982772652
235.87504048375186
241.52416207057672
241.26281122042843
235.29706867740995
224.26240452840025
209.13711980798712
191.12726873775898
171.54042134683743
151.66504753716706
132.6688786662223
115.5245199533433
100.96515506110339
89.4685088402117
81.26401475838313
76.35660154438467
74.56049517409167
75.537488240463
78.83571903648081
83.92663092837437
90.23909196061763
97.19046710887366
104.2147414750134
110.78770634194825
116.44892061406944
120.81983437960032
123.61725873986816
124.66137356931748
123.8777002198574
121.29288717181936
117.02468073355318
111.26698104686224
104.27132288033356
96.32640144179257
87.73734953909144
78.8063631389118
69.81599776362367
61.016069718872195
52.614655344483204
44.77324864455217
37.60576293804209
31.180779881034084
25.526275685376277
20.63598907054825
16.47662448790675
12.995184793597558
10.12587340521046
7.796171239030706
5.931856390544647
4.460878299491334
3.31611305978523
2.4371085235143415
1.7709776358564313
1.2726201179299041
0.904452180777899
0.6358080201298855
0.4421516730558688
0.30420870600641003
0.20709816619675528
0.13951896320746301
0.09302286818805537
0.06138918538089837
0.04010374184212617
0.025936604286598684
