-0.009126059760353489
-0.03654220375250682
-0.057730233114278266
0.030839544849694187
0.5049548824686355
2.008482429332483
5.8211607882287035
14.03266883251864
29.379371755562765
54.572198848693866
91.18715195000749
138.50006397257312
192.82563770867768
247.80818904590035
295.72285962862964
329.3820748562153
343.9600872403653
338.0947835530378
313.9538907799256
276.3728874050217
231.47978940664402
185.30811963945447
142.78137239925235
107.23173106924854
80.4063953571634
62.788636997042744
54.032519815810204
53.35352929714541
59.79102548309328
72.32807429710742
89.9012801518267
111.3539066189111
135.38489110443888
160.53247350270448
185.2116831169504
207.805586934476
226.794763306329
240.90006171835586
249.21108961629807
251.27652947946345
247.14075786695585
237.3220066722235
222.7379494202954
204.59292795665613
184.2456648846213
163.07684782333234
142.3729804524663
123.23758882811161
106.53472697882637
92.86409562837677
82.5629225195534
75.72747999426454
72.24666949410138
71.84106004754955
74.1025302046223
78.53163129024513
84.57149282395434
91.6382502823945
99.14851240753269
106.54438324298476
113.3161969164741
119.02262975835606
123.30742281895247
125.9117181773917
126.68104951561581
125.56632287199432
122.61861122534914
117.97816628912315
111.8586133906091
104.52774468004738
96.28659543264682
87.44854813256808
78.32006653180413
69.18435453808063
60.28881998174112
51.83676609702916
43.98329539956762
36.835040790658425
30.453069098071936
24.858146096584242
20.037505628513383
15.952312080926317
12.545120551278998
9.746795055687615
7.482516039617049
5.676672656144865
4.2565773382861565
3.1550511822258063
2.312005551394622
1.6751897360834507
1.2002912289744512
0.850570623876462
0.5961941244125051
0.4133994390197338
0.28360061567785066
0.19250796544434506
0.12931312623150718
0.08596784042554041
0.0565685545309432
0.036847245435631254
0.02376129834675924
