0.012012085219933145
0.1368737685565033
0.7800920180794965
2.965815811083052
8.465573138111088
19.3656784278037
37.02943075102615
61.002549707288445
88.69454523728717
116.26327502234071
140.29585344181194
159.2942591714097
174.09457807446793
187.03939329144177
200.4513912700677
215.2621978797447
230.44068050132958
243.37178111378682
250.88259671033416
250.4028636172925
240.80644916089304
222.70433293270915
198.20806317730862
170.35290283251803
142.42401953750408
117.38558260943344
97.51907198531575
84.28221734680682
78.33569990587156
79.66102235914872
87.70243524065508
101.49283692784947
119.75254143214624
140.97026675386735
163.48369759840327
185.5739125673831
205.578246412018
222.0149169105227
233.70418604614053
239.86735442945835
240.18695854078786
234.81799586184147
224.34871777020433
209.71813552115464
192.1039032710785
172.79750271721525
153.08342996086918
134.13597464381735
116.94230838318857
102.25524825540114
90.5743484651164
82.15063366807738
77.00859687331678
74.97891099541202
75.73623648753478
78.83802281882413
83.76180312711375
89.9398029214716
96.79053274670902
103.74738660388448
110.2842248375887
115.93765365762485
120.32540694125957
123.16003969448523
124.25714653624779
123.53754468380497
121.02327103597617
116.82775774956382
111.14107308940429
104.21155200745504
96.32542395379448
87.78613658275073
78.89497115262634
69.93427718013716
61.154270669592265
52.76390276880969
44.925874067771375
37.755494253102576
31.32280219602843
25.657184711483687
20.75366327194077
16.580043482621292
13.084219866737357
10.201072284932104
7.858554368551223
5.9827366158801505
4.5017108370558025
3.3483782651695875
2.4622266041267475
1.7902521084284615
1.2872054433583093
0.9153404607637334
0.6438297163679797
0.4479858073460004
0.3083987349871791
0.2100705483640165
0.14160223972118266
0.09446579308156708
0.062377029059863226
0.04077234384887122
0.026384074515474094
