0.007518990878841486
0.09080562292941331
0.5484552982981844
2.2092995465220975
6.679186538810122
16.172371016729805
32.6934096444766
56.82711733793521
86.87443461072242
119.04570983972351
148.79944772116724
172.64739569264106
189.4271618546279
200.38720226549287
208.145318030314
215.1700232846377
222.57222204949764
229.70308779855083
234.58831968770102
234.8629335706246
228.74505185136115
215.68491647358957
196.5366720946495
173.30553231252773
148.64627683584663
125.31325022019415
105.71273249066377
91.62855133688998
84.11906495635579
83.5395426007716
89.63207414928509
101.63673804952026
118.3995006623885
138.4724787213688
160.21394690633775
181.89733044065994
201.83282938600996
218.49655007954786
230.65427537383252
237.46317287250966
238.53587582595938
233.95683196692494
224.24880326663762
210.2956791435238
193.2343394653801
174.3318859835161
154.86477471155123
136.01368635828962
118.7833941779526
103.95166909667185
92.04652360732594
83.34761398074032
77.90572804354329
75.57390620941182
76.04450883878944
78.88795041230563
83.59037820542478
89.58890331696622
96.30388437894736
103.16817480637462
109.65325873396912
115.29197939037057
119.69728513481034
122.57623312928764
123.73849224505449
123.09880240589017
120.67324432033406
116.56967641052024
110.97321033947888
104.12803165430718
96.3171574611
87.84182018446677
79.00207144827104
70.07993982475566
61.326099551478976
52.95057414734688
45.117568861616654
37.944149508837704
31.502197735384822
25.822891789588528
20.902888294549168
16.711401629703673
13.197471567885723
10.296850902978992
7.938107278431485
6.04769514645233
4.553898112764079
3.3896584305379287
2.4943945679647728
1.8149599092939352
1.305919540525863
0.9293235075605205
0.6541404290760324
0.4554911460177114
0.3137935285097449
0.213900733840299
0.14428890538178882
0.09632812386029972
0.0636530068159954
0.041636635287534925
0.026962957290154396
