0.008443872736379837
0.10057722904858749
0.599160841891273
2.3806232846786335
7.099479922891687
16.959055978093843
33.83099896528888
58.05139394595938
87.66997667564026
118.81534748627037
147.14906118875032
169.63531721613518
185.63043064972717
196.7361622705863
205.60290808010808
214.40388130135347
223.75445184793105
232.4979491634554
238.30248165257913
238.67775545949442
231.94034226455665
217.78925312420571
197.3799475956246
172.9857067340251
147.44346437745048
123.58847885833906
103.82052739138722
89.85883069707702
82.67081565330673
82.5199728692856
89.0713232081983
101.50872755821656
118.64228296707701
139.00471348944302
160.9467658344805
182.74237181668425
202.7077132685259
219.32886705821605
231.3846730611765
238.04765212612344
238.94712208512294
234.1843463575122
224.29771573328173
210.1843334759257
192.99094787402444
173.99069283904026
154.46221366279147
135.58496388464846
118.35981125753854
103.55883810825557
91.70348650398033
83.06674795214647
77.69325108160109
75.43076900236193
75.96747310315017
78.87069349403811
83.62451480510651
89.66486503243097
96.41163804203497
103.297787484124
109.79533081104636
115.43797001264154
119.83975036712046
122.70899039137397
123.85671808184453
123.19906638318545
120.75348055654675
116.62909570297397
111.01215911613566
104.14780790586298
96.31979726680278
87.82987060148123
78.97836594630684
70.04739107486178
61.28752151327552
52.908541552913846
45.07431796525076
37.90151992950709
31.461611816826327
25.785365431072897
20.86906577724706
16.681606536898453
13.171766312613432
10.275098405706899
7.920029729721102
6.03292631131109
4.542027093583238
3.380264069590442
2.48707066214638
1.8093321047254225
1.3016551884573069
0.9261359378341852
0.6517890887684757
0.4537789169926189
0.3125623316329208
0.21302629307255092
0.14367531393535568
0.095902647872375
0.06336139061299406
0.04143903978538691
0.026830567665637954
