0.10726235084256258
0.8670206674726513
3.5041470647548714
9.441614617438372
19.080023141132642
30.847867021555814
41.56859817872637
48.03948162190665
48.663169072196794
44.06128158429829
36.53053447374869
28.985523728115854
24.119389778728383
24.096645714283945
30.646503590671163
45.23602451619692
69.0682437385578
102.83038329333758
146.28391851393758
197.87986369709847
254.58827656617535
312.0654618868575
365.17401316147885
408.7565678325175
438.48165393924404
451.55586297672977
447.13639173399594
426.3647323095145
392.04420639016286
348.06793513831616
298.7472378000333
248.18771428023132
199.821217009567
156.1451887272506
118.66571724523772
88.00084265823173
64.08168729011402
46.389087016154704
34.176379950830274
26.647494661211237
23.07741000679163
22.875815574818628
25.60321261464629
30.95233247686546
38.7080309487824
48.697257201262644
60.738460451892976
74.59755522602286
89.95555483437133
106.39117263387807
123.37995949746835
140.3098092916573
156.51094076710947
171.2968794719624
184.01170851112497
194.07812774410334
201.04079569652714
204.60006437251513
204.63247385171357
201.19606502158152
194.52043931210244
184.983267853097
173.07638360113475
159.36550494085262
144.44795983097904
128.91252649341308
113.30478456406368
98.10033982507714
83.68712809090842
70.35689079153491
58.30498180813566
47.636997515514715
38.3803516625831
30.498828291199153
23.90828919725283
18.492017782581637
14.114574014676458
10.633448097499304
7.908180589863897
5.806929484269252
4.210693506735924
3.0155440511773444
2.1332850506708616
1.4909664223420342
1.0296405601558487
0.7026900140461363
0.47398259668380965
0.31603865772109996
0.20833133735834683
0.13578808402411469
0.08752179504639519
0.055791994772104676
0.035178808615247616
0.02194296164992574
0.013541427715810813
0.008268712955242502
0.004996475338073924
0.0029880583856387675
0.0017687239999110544
0.0010363869589775413
0.000601200045628827
