5.832562929236514e-11
1.889712067201201e-9
3.075875758734923e-8
3.3430674294093123e-7
2.7265601341366085e-6
1.7793141386089618e-5
9.676868764187541e-5
0.0004511063458781336
0.0018400683854718884
0.006671714184389785
0.02177126848030689
0.06458586142448403
0.17563159862183245
0.44086513823494217
1.0276002050954969
2.2355242460796703
4.559380774223764
8.75192130800118
15.866362080042
27.250233120633407
44.461763909427255
69.0897872787464
102.47965077810578
145.39727359898168
197.69308732912612
258.0464793299805
323.8702484384471
391.4296838731828
456.186257245937
513.3229522549753
558.3621045914704
587.7610437818419
599.3734205020972
592.6938469875824
568.8514094115263
530.3701746872101
480.75843653381656
424.0135720053087
364.1326717993719
304.7033700867413
248.62157651320686
197.95163270083373
153.91722557261645
116.99291250440488
87.05786989742751
63.57429641139156
45.759985785152786
32.7346594409606
23.62987341861168
17.660770964823467
14.163751001321735
12.60722118552464
12.583498335238488
13.789329259683491
16.001136264520234
19.049493162574144
22.795856421197225
27.113374027891876
31.87269945140728
36.93310150751605
42.13870846370946
47.319388949562295
52.29550966931488
56.88560398093169
60.915840598003086
64.23011329539341
66.69959597451843
68.23072976893397
68.77082374959902
68.31073779471582
66.88444348873892
64.5655884763135
61.46148358923464
57.705158468682924
53.44626918605159
48.84168249553881
44.046510965389864
39.20624757606553
34.45047123945888
29.88839317140045
25.606314354085466
21.666888388630074
18.109947283404935
14.954558159564453
12.201937394534731
9.838850442655906
7.8411615234718495
6.177256569290037
4.81113407832362
3.705031851320073
2.8215251697149397
2.125088537896786
1.5831559368177046
1.1667430905745362
0.8507106631351937
0.6137517783931185
0.4381835029156695
0.30961271017469744
0.21653454795963667
0.1499085817485645
0.10274506891710815
