0.007518664123760461
0.09080214037625046
0.5484370595334975
2.20923730361398
6.679032126088007
16.172078115637248
32.69297853639608
56.82663977441841
86.87409902592611
119.04574275926454
148.8000090029962
172.64848191020417
189.42857427761106
200.38860132363436
208.14633949246866
215.17040234104186
222.5718737095359
229.7021182787261
234.58697552428472
234.86151704299328
228.74383653644136
215.6840882222835
196.5363059094366
173.30560180925286
148.64668454953718
125.31386490036417
105.71342220838015
91.6292061663308
84.11960788242995
83.53993071556275
89.63229371495274
101.63679695010842
118.39942080942373
138.47228977664344
160.21368168858848
181.8970217823545
201.83250799127046
218.49624298389577
230.6540047756605
237.4629552784545
238.53572156137213
233.95674513010852
224.24878216680764
210.2957171891106
193.23442639430377
174.33200927508224
154.86492100274054
136.01384270532063
118.7835490480108
103.95181303116652
92.04664955351045
83.34771733274444
77.90580646129551
75.57395929382383
76.04453773682117
78.88795741113849
83.59036635629087
89.58887611086388
96.3038454815814
103.1681278496653
109.65320715637164
115.29192631708996
119.69723329036111
122.57618477730236
123.73844915262451
123.09876583130405
120.67321502358007
116.56965468542612
110.97319606519619
104.12802436243892
96.31715641351987
87.84182445609805
79.00208000894213
70.0799516147455
61.3261135464049
52.95058940944388
45.11758457599422
37.94416500477137
31.502212493937694
25.82290543975987
20.902900600668545
16.711412472945188
13.197480924630543
10.29685882237911
7.938113861017505
6.047700525086254
4.553902436690813
3.389661852842951
2.4943972363746125
1.8149619600061713
1.3059210946033242
0.9293246693607828
0.6541412861887247
0.45549177023192466
0.3137939774076024
0.21390105269854584
0.14428912914717146
0.09632827903975143
0.06365311318514101
0.041636707369282294
0.026963005590014896
