0.00019827301069965595
0.0033090713391469365
0.027613322389572346
0.15361723292083487
0.6409475278091029
2.1394148422900288
5.950949850629966
14.188314193993877
29.599432276329267
54.88877017125041
91.60649421616905
138.9877923785474
193.30328429890375
248.1655250390875
295.84421973971934
329.1782664968944
343.39437425485784
337.1937821937224
312.8005945280996
275.08597563066064
230.18761714769386
184.12598200974776
141.7975899847828
106.50382398145072
79.96505789586307
62.64546130791157
54.187494238723175
53.79964033921527
60.51502711225873
73.30802438055315
91.10243957558511
112.72496322480903
136.8562788316912
162.01795650171258
186.61354707866198
209.02291646277237
227.7335650052731
241.4835612489932
249.38846639674
251.02865148241622
246.4820563425173
236.2983436127032
221.42101640549433
203.07223267105272
182.61942402775807
161.4430935858741
140.8219464722381
121.84605735154895
105.36259349292564
91.9530309440769
81.93674632192352
75.39372883711972
72.19883712545239
72.06107618012949
74.56318193563075
79.19877699731768
85.40603892928755
92.59793820053656
100.18959190794985
107.62323645348195
114.39093846486278
120.05465977367926
124.26286589640334
126.76265397904136
127.40643498531765
126.15252217579953
123.05948311743121
118.27470242415822
112.01816688673006
104.56292832032234
96.21395747538463
87.28714754806852
78.09006807722704
68.9057492828096
59.98035226657552
51.51511788480309
43.66254803191754
36.52640615592548
30.164859914125113
24.595939930898815
19.80444970659445
15.74951516095856
12.372082771264765
9.601834953369586
7.363164140939148
5.580011570096958
4.179517986697181
3.0945428497355425
2.265183481468142
1.6394679773630272
1.1734105507380244
0.8306119158328833
0.5815671814358198
0.40281580599470423
0.27603757986907507
0.18716910654206406
0.12558925831314585
0.08340082042533202
0.054819340777557304
0.035668773465683354
0.022976175355185674
