0.007625796899403919
0.09194277991304664
0.5544042648462589
2.229577329593168
6.729424924476108
16.267516035465526
32.833157139604864
56.981403329376775
86.9819082939029
119.03294384232285
148.61502249317587
172.2931419164233
188.96827481332073
199.9342673953463
207.8164386988925
215.05058723797515
222.68901286407035
230.02085495882108
235.0265116443403
235.32325062659174
229.13883519953066
215.95220149073435
196.6535581148066
173.28099227832794
148.51224472373073
125.11248914852014
105.48810187289641
91.41568053818044
83.94285428054134
83.41381007195636
89.56118115266621
101.61805015849208
118.42585403876608
138.53421355004573
160.30039240651504
181.99781971819786
201.93739097587732
218.59640592843078
230.74221952506036
237.5338490052781
238.58593647169704
233.98495348885106
224.25554346325598
210.28318831411283
193.20596022731087
174.2916940521489
154.81711832532986
135.96277611467903
118.73298070471505
103.90482759971862
92.00554628783634
83.31399693790432
77.88023036771261
75.55665576686118
76.03513080300075
78.88569929061357
83.59426018581775
89.59778172158416
96.31656584970095
103.1834770964808
109.67006263361586
115.30926768728926
119.71417106294854
122.59197995929867
123.75252489542166
123.11071143950156
120.6827825294779
116.57674835543295
110.97785558594246
104.13040291582031
96.31749525827256
87.8404258889192
78.99928062738847
70.07609764180624
61.321539637097075
52.94560190337303
45.11244965754283
37.93910175209427
31.497390393273005
25.81844564722117
20.898880063328164
16.707869969718466
13.194424136360352
10.294271662510283
7.935963463582319
6.04594346759519
4.552489949191123
3.3885439148422276
2.493525581434542
1.8142920906385125
1.3054134595012856
0.9289451759505053
0.6538613205898376
0.4552878808883298
0.31364735421582896
0.21379690560064515
0.14421604269053478
0.09627759481483815
0.06361837165575916
0.04161316482952638
0.02694723061471898
