0.007589262366704844
0.09155406328036005
0.5523721797541105
2.22265611026482
6.712292528148084
16.23510326838299
32.785615320853516
56.9290324385073
86.94563990121158
119.03775702654681
148.67832023887985
172.41413983277852
189.12461974868103
200.08822397177698
207.92782078779095
215.09044775490767
222.64841212436227
229.91196886374922
234.8768859114001
235.16639676633807
229.00490943198807
215.86154074024927
196.61420097258056
173.28979196426573
148.55826118894473
125.18112579075962
105.5647570280759
91.48823404382989
84.00284959358818
83.456566680714
89.58523588672996
101.6243168828164
118.41678355774673
138.51310214478175
160.2708775205051
181.963535609866
201.90173408762877
218.56236576263436
230.71224983643694
237.50977326741625
238.56889359182213
233.97539267904716
224.2532727800301
210.2874731751666
193.21565986359266
174.30541808113546
154.83338376955683
135.98014721319169
118.75017876058865
103.92080437840362
92.01952063605755
83.32545919361041
77.88892216771698
75.56253394828025
76.03832356226872
78.88646116153394
83.592930325487
89.59474796016917
96.31223531070799
103.17825308747781
109.66432694428987
115.3033673056095
119.70840847350621
122.58660646089331
123.74773663930098
123.10664806481292
120.67952832741017
116.57433583789545
110.97627120458944
104.12959452007983
96.31738074201401
87.84090238846478
79.0002336168356
70.07740932688421
61.323096164333464
52.947299056650266
45.114196885026914
37.94082452999174
31.49903107054343
25.819963015499628
20.90024795425453
16.709075199305524
13.195464099385426
10.29515183839955
7.936695039004183
6.046541219437018
4.552970472514504
3.38892422923102
2.49382210897686
1.8145199706089439
1.3055861480086137
0.9290742716935463
0.6539565581724902
0.4553572385327454
0.3136972310270844
0.213832333015797
0.14424090408898094
0.09629483563300142
0.06363018928785244
0.04162117296414327
0.026952596523741802
