0.00776266205362731
0.0933965637583247
0.5619908117358869
2.255367681473556
6.793128476689534
16.387729762838212
33.008887403303646
57.173923608030975
87.11330608874383
119.01089866164996
148.3760229877701
171.8415492726368
188.38828228296913
199.36638628948302
207.40927372226434
214.91021536744302
222.84692497022894
230.43038875183828
235.58456868562433
235.90533102355957
229.63352089980606
216.28488778774857
196.79536355394018
173.24439646856024
148.33837152412607
124.8557310016085
105.20262097816776
91.14627021266024
83.7206434394039
83.25591727954024
89.47283040374309
101.59570505854015
118.46033233478757
138.61324028173598
160.41045616090122
182.12543744200528
202.0699697000234
218.7228654226943
230.85346832506366
237.62313494263148
238.64904844738282
234.02024073131037
224.263735219343
210.26702765881373
193.16969683847486
174.24050227386428
154.7565137290733
135.8980961892414
118.66897705843769
103.84539371521639
91.9535819822474
83.27139247559303
77.8479419088889
75.53483981186825
76.02330729401623
78.88291900490371
83.5992597670979
89.60911725288871
96.33272199680653
103.20295295612766
109.69143750448772
115.33125044213813
119.73563622419246
122.611992562049
123.77035523824736
123.12584017318012
120.6948963322294
116.58572665300899
110.98374926142222
104.13340654076413
96.31791489552782
87.83864484145256
78.99572556980675
70.07120736516468
61.31573820688893
52.93927745186413
45.105939394879485
37.93268317165455
31.491278133978543
25.812793102683976
20.89378461203755
16.703380635680485
13.19055055175234
10.290993358639936
7.933238726053397
6.043717220806815
4.550700355370869
3.387127563396688
2.4924212939946258
1.8134434720706474
1.3047703876760863
0.9284644495499016
0.6535066830474953
0.4550296184640857
0.3134616352183259
0.21366499245666093
0.14412347375225226
0.09621340163709759
0.0635743716353106
0.04158334910907056
0.026927252758354545
