0.007529939554901694
0.09092230105099261
0.5490662920573829
2.2113844060167827
6.68435794866654
16.182178877313614
32.707842216606736
56.843099467542835
86.88565499875291
119.04458491952526
148.78063014570768
172.61100802692027
189.379865624075
200.34037113626974
208.11114606746548
215.15737081644141
222.58392600917261
229.7355833355717
234.6333463624445
234.9103682943052
228.78573611081293
215.71263144392023
196.5489113556912
173.30318374148845
148.63260706395852
125.29265560338816
105.68963074611912
91.60662249835698
84.10088661287837
83.52655022109487
89.62472664146756
101.63477061149898
118.40217907677331
138.47880948784197
160.22283097288934
181.90766838707506
201.84359310481707
218.50683432594005
230.66333688415614
237.47045898070812
238.54104085771726
233.9597387732624
224.24950855730188
210.29440373788663
193.23142709052632
174.32775599029003
154.85987464426523
136.00844970711083
118.77820716872135
103.94684848160033
92.04230556215636
83.34415273329564
77.90310194008559
75.57212859418907
76.04354128108506
78.88771629783426
83.59077533411273
89.58981476294882
96.30518736705666
103.16974769421759
109.65498635945843
115.2937570833078
119.6990216453212
122.57785264375964
123.73993558049501
123.10002742065603
120.67422556241273
116.57040404109804
110.97368840855313
104.12827585234122
96.31719251255292
87.84167707520207
79.00178468389767
70.07954490032137
61.32563077813828
52.950062934843245
45.11704250393021
37.943630471090486
31.50170339860472
25.82243457975058
20.902476104840726
16.711038439692548
13.197158168278492
10.296585647157904
7.93788679890404
6.04751499289777
4.5537532861563585
3.389543803259936
2.494305191933307
1.8148912226109892
1.305867488239894
0.9292845942704395
0.6541117210208162
0.45547023867292635
0.31377849320788825
0.21389005407577305
0.14428141064580405
0.09632292632934714
0.06364944412647695
0.041634221010759406
0.026961339556305267
