0.007551159352595611
0.09114836611065426
0.550249707857774
2.215421066329962
6.6943667106937665
16.201151995128193
32.735744201714496
56.87396587988083
86.90726828449695
119.04228418306174
148.7441015670034
172.54053184882105
189.288366980565
200.2498690985929
208.04521711691302
215.1331171049415
222.60678594088364
229.79861578341917
234.7205434952641
235.00214063389498
228.86437923349607
215.7661396011524
196.5724637804738
173.2985222410894
148.60606736360967
125.25275009340866
105.64490566693809
91.56419207726566
84.0657301003996
83.50143727375554
89.61053891339337
101.63099142626692
118.40738532420221
138.49107778221418
160.24003461722535
181.92768047603423
201.8644249315237
218.52673496218452
230.68086879980422
237.48455339671546
238.5510294720326
233.96535673437953
224.25086608423481
210.29192854838797
193.22578466434234
174.3197580644127
154.85038742943505
135.9983121390875
118.76816665325953
103.93751793097611
92.03414192537149
83.33745435695938
77.89802032002272
75.5686894380148
76.04167011019001
78.88726475155647
83.59154554904062
89.59158038815805
96.30771074054317
103.17279335352666
109.65833138969721
115.29719888045032
119.70238358389528
122.58098797891779
123.74272976013481
123.10239888078122
120.67612504653924
116.57181251664109
110.97461372873785
104.1287484036872
96.3172601689935
87.84139983057958
79.00122934434874
70.0787801858583
61.32472311535181
52.94907313207552
45.11602340057818
37.94262555733143
31.50074632151027
25.821549393324926
20.90167808769675
16.710335293884874
13.196551422517652
10.296072111823497
7.937459953102139
6.047166219698792
4.553472906626968
3.3893218897605064
2.494132164601349
1.8147582493938572
1.3057667186476205
0.9292092611823727
0.6540561447028304
0.4554297640226201
0.31374938639574085
0.21386937922080385
0.14426690171302006
0.09631286455488121
0.0636425472275851
0.04162954730516421
0.02695820785884384
