0.007548377418479289
0.09111873408240491
0.5500946180889863
2.214892159601669
6.693055605498616
16.198667276432253
32.73209147638481
56.869927422307455
86.90444473957811
119.0425948367739
148.74889482559425
172.5497677744566
189.3003500077612
200.26171434248593
208.05383795777124
215.13627669657248
222.60377579029932
229.79034827447055
234.70911712434986
234.99012132856603
228.85408462229162
215.7591401220723
196.56938867177792
173.29914157916028
148.60955018589428
125.25798103876046
105.65076550148474
91.56974947670611
84.0703335106275
83.50472452272355
89.61239499659686
101.6314843391062
118.4067016456023
138.48946950958788
160.23778030796527
181.9250586770816
201.86169607298086
218.52412832692835
230.6785726244411
237.48270762290846
238.54972159078983
233.96462139612328
224.25068881603383
210.29225329526764
193.2265242340489
174.3208061134961
154.8516304855109
135.99964030827087
118.76948203579947
103.9387402477547
92.03521132895581
83.33833177617534
77.89868591973766
75.56913985955603
76.04191511742123
78.88732378518922
83.59144453323412
89.59134897785417
96.30738007166174
103.17239427331766
109.65789310131558
115.2967479260502
119.70194310218754
122.58057719398388
123.74236367850685
123.10208818722055
120.67587619318196
116.57162799596406
110.97449251088717
104.12868650671913
96.31725131996203
87.8414361687639
79.00130211663345
70.07888038849994
61.324842045193904
52.94920282214249
45.116156928039295
37.94275722432212
31.500871719821752
25.821665371628384
20.901782644398992
16.710427420051
13.19663091801452
10.296139394684454
7.937515877794987
6.047211915287851
4.553509641297222
3.3893509642637714
2.494154834109138
1.8147756710887604
1.3057799211002747
0.929219131015568
0.6540634260672958
0.4554350668206727
0.3137531998244666
0.2138720879306753
0.14426880259228503
0.09631418278947823
0.06364345081685278
0.041630159624038765
0.0269586181528725
