0.11343184150619816
0.8417156967662157
3.127882605617124
7.777396852416782
14.626509472689145
22.428632959829287
29.863672208093266
36.96215556610615
45.8153474800675
60.0092013347135
83.08357501151329
116.79854752259308
159.96296255599242
208.26581936263523
255.15892872124888
293.48110091893477
317.2748522972552
323.20652961944916
311.17979474353353
284.0502758004416
246.66106570505218
204.5977243173033
163.06167662111903
126.12376691797691
96.43291261503131
75.30019844765219
62.999694033405675
59.12437820629604
62.88232827409771
73.28164814822415
89.20712490168083
109.424930535194
132.56258569837956
157.10513396746336
181.4324577691182
203.90376967456322
222.97869458818343
237.35322422539983
246.08454808502674
248.68112019569978
245.14180867144006
235.9382719920331
221.94522846040667
204.33176926733702
184.43182279558846
163.6128194063122
143.1589957874147
124.1807622519058
107.55557553123464
93.90016327664712
83.56970986843983
76.6772041585551
73.12554554879488
72.64581734942023
74.83678979764613
79.20261916289428
85.18738998721491
92.20631688687494
99.67398957810599
107.03008166456267
113.76262539229582
119.4284945129008
123.67033133725128
126.22894168343798
126.95022855490548
125.78603505634011
122.78875463939022
118.1001432163128
111.93532479577685
104.56342505885489
96.28652973969392
87.41871774359495
78.26677038041906
69.11384594485214
60.20699079281811
51.748899181401804
43.89389581862905
36.74774628266417
30.370632775586515
24.782478893227722
19.969763127202675
15.893009674827221
12.4942619858486
9.704001726002382
7.447147412837369
5.647931359756474
4.233595415762267
3.1369565127484043
2.2979693279456157
1.664457170909392
1.1921983593009855
0.8445503240689881
0.5917743150142727
0.4101961396851313
0.2813080249741139
0.19088725057733963
0.1281811300653517
0.08518649867038136
0.056035480336420536
0.03648768508370991
0.023521483946469097
