0.007655925052832104
0.09226312888670488
0.5560778089671886
2.2352731797525647
6.743512477288852
16.294142058154463
32.872160354752545
57.02427763880638
87.01143496252813
119.02863084634967
148.56266220497923
172.1935030282418
188.83983028106712
199.8080635885842
207.72544986994453
215.01848270120718
222.72299360312184
230.11078984429932
235.14969234714374
235.45213023828813
229.2486777987673
216.02637135424686
196.68553176913795
173.273424110058
148.47416877651028
125.05591806656874
105.4250310752437
91.35605275727181
83.89359611080606
83.37874572501086
89.54149516138101
101.6129791805386
118.43337686513267
138.55161814423423
160.32468896509374
182.02602248091247
201.96671023553307
218.62438656249097
230.76684665807227
237.55362565616102
238.5999281837848
233.99279256311127
224.25738906089262
210.27964546016236
193.19796762289346
174.28039535060742
154.80373305530807
135.9484847646357
118.71883445415965
103.89168802348041
91.994055298535
83.30457320343399
77.87308594624227
75.55182580831915
76.03250960570162
78.88507732042797
83.59535837005532
89.60028100114378
96.32013132864138
103.18777703731604
109.6747830087902
115.31412310025743
119.71891272571516
122.59640118851293
123.75646437169986
123.11405433073267
120.68545953391627
116.57873276638723
110.97915858704688
104.13106744530617
96.31758889512004
87.84003328532023
78.99849602572081
70.07501796883058
61.320258572984905
52.9442051953631
45.111011807387456
37.937684071942485
31.496040311361742
25.81719706236751
20.897754499553287
16.706878267999837
13.193568434219133
10.293547446306738
7.93536152469157
6.045451644261198
4.552094584485267
3.388231003248368
2.4932816096402477
1.8141046012906399
1.3052713805010725
0.9288389637222644
0.653782965499608
0.4552308185537236
0.3136063196053108
0.2137677590201312
0.1441955890663562
0.09626341079853697
0.06360864936735518
0.0416065766392983
0.02694281618259655
