0.010240151274203668
0.1191066097044877
0.6929001132251689
2.6887110979101463
7.831942924544249
18.27876958176921
35.641974178238264
59.828657707717255
88.5103089838
117.77584772773584
143.73618267015357
164.1721683580944
179.27597613616553
191.12332101159848
202.2666279489029
214.26053247009588
226.8392202614162
238.02562131407782
244.97752042656703
245.1035757129481
236.9786667978342
220.7747324472633
198.16607505049268
171.8552530291422
144.94548794128528
120.36467013776044
100.46571361554744
86.83601850095963
80.27992502928976
80.90648765592046
88.25699422885884
101.42883407198558
119.17941927047973
140.01473593150664
162.27670203819125
184.2422404335269
204.23863562316419
220.76924652502916
232.6352569053921
239.03546486931705
239.62781176872278
234.54244501705864
224.34457592446606
209.9539002402217
192.53390364972955
173.3677614831313
153.7374803806865
134.81996888658128
117.60895482580354
102.86636005988825
91.10201815584952
82.57722742926714
77.32586769916276
75.18656134668079
75.84023309386284
78.84890069260172
83.69311559800076
89.80679837817789
96.60907893813365
103.53312489215985
110.05191893013092
115.70069545849344
120.09544997614486
122.94674195547874
124.06801480202395
123.37787855418992
120.89620614884932
116.73440452862287
111.08074147179845
104.18204585355697
96.32338304068593
87.8074005380773
78.93493905877745
69.98823888418208
61.21769055787706
52.83264305443438
44.99635151342987
37.82477078813756
31.388615357217287
25.717927784365163
20.80832726081509
16.628133671567316
13.125659016387605
10.236100813860032
7.887635600066946
6.006472707798236
4.520772659478046
3.3634504635589138
2.4739675014620057
1.7992669973699535
1.2940311693747901
0.9204389304668269
0.6475879913469293
0.4507206684400586
0.31036393963391523
0.2114653847010116
0.14258035442456815
0.09514360261384816
0.06284129882503493
0.041086731537560456
0.026594585800675676
