0.00019527942780275627
0.0032624540945248564
0.02725224679849548
0.15176406500483797
0.6338651114865419
2.1179452704507744
5.897274938908798
14.07476777098923
29.392679315100022
54.56129221014411
91.15337589626492
138.4421984501859
192.7420051682764
247.69876295185514
295.5905753668332
329.2330502207738
343.8028417668033
337.9388258289423
313.8081783406801
276.2446233640628
231.3738370212388
185.22707717146906
142.72614784407548
107.20234592652167
80.40273698884907
62.810943926561364
54.08148540137576
53.43001439445198
59.89546047483947
72.45969598321892
90.05738508005898
111.52930638121254
135.57172521733
160.72047402800817
185.38890099018383
207.95949861258313
226.91359724320367
240.97413552609768
249.2339422019839
251.24566944369104
247.05792085593993
237.19290310690013
222.57156996293276
204.40053945100013
184.039663130259
162.8696327641129
142.17598949667138
123.06057585436355
106.38532088749803
92.74762452989907
82.48245563126878
75.6840222804368
72.23944300877007
71.86781678290335
74.15985855029572
78.61523661353007
84.67644803044524
91.75922211013925
99.27997304157364
106.68081546603376
113.45229620512757
119.15350059311429
123.42876092956688
126.01996690350892
126.7735176499139
125.6412533015619
122.67519386172002
118.01649427598947
111.87958735918895
104.53293491413856
96.27807546739376
87.42871512360766
78.29146361809843
69.14950860772471
60.250105178777616
51.79629963552816
43.942868344892425
36.79608291613412
30.41664408337637
24.82497139828827
20.00799036505704
15.926606148093843
12.523168746305616
9.728391020567983
7.467352114211216
5.664383061968295
4.246773341617376
3.147347909752233
2.3060409031310263
1.6706363515103464
1.1968627372879301
0.8480234909950147
0.5943263491026809
0.41204719876530443
0.2826337639570888
0.191825070671435
0.12883654320459126
0.08563913253639824
0.05634444610196511
0.03669617931730678
0.0236606014075116
