0.03162912600703327
0.31035306993273704
1.5238332762637203
4.995351853647447
12.315221187608394
24.41176011894412
40.698303116968546
59.125010612258535
77.33140348758245
94.17595587590343
110.5583820125326
128.93457907352698
151.80195109416772
180.03641794884925
211.96188198167403
243.5602373685892
269.646445699484
285.44797587026164
287.96148122460636
276.656791309731
253.4125849830005
221.849411218564
186.37896811444017
151.29356248620707
120.11700461242442
95.29561034376272
78.18633796527902
69.2317806494855
68.20186829956994
74.41232322422654
86.87606151758169
104.38574141373432
125.55232957119415
148.83342124699945
172.5795643235236
195.11309143148839
214.83816348347867
230.36772083072466
240.64571194551974
245.04220723202258
243.4039926057818
236.05198585129259
223.72681018084333
207.49269183943912
188.6157597418927
168.43499031491635
148.24260285574337
129.1865742118423
112.20242105723186
97.97583717830962
86.93323566369945
79.25434024923935
74.89982141070433
73.64731325229607
75.13047378674354
78.87749612823887
84.34714905712792
90.96169120413224
98.13672111850578
105.30822071670835
111.95686343638388
117.62928634076235
121.95565964979333
124.66267451387358
125.58108921748389
124.64723314367095
121.89831514986977
117.46192880550956
111.54068797336448
104.3933682471114
96.3142043836187
87.61206760975284
78.59112217011227
69.53427099897641
60.69029999328613
52.265182082532974
44.41756696570356
37.25810977392957
30.852015271805683
25.224008481353877
20.36488584561979
16.238838059519274
12.79084293190706
9.953577191283813
7.653464063663847
5.815636910544778
4.367742299688305
3.2426190861156763
2.3799698053534954
1.7271880630766963
1.2395250479187325
0.8797759886573133
0.6176500314700745
0.4289609022746821
0.29474608657795015
0.20039303990262408
0.13482474006180545
0.08977513124201046
0.05916817368607194
0.03860212041210453
0.024932702354069712
