0.007517587608406649
0.09079066672730886
0.5483769690791349
2.2090322314468995
6.67852337245522
16.171113055287908
32.691558068053766
56.82506616947414
86.87299312471288
119.04585094675298
148.8018580523106
172.6520606273064
189.4332279649091
200.39321119135658
208.14970543145813
215.17165176280906
222.570726473903
229.69892425132042
234.5825469383979
234.85684984423168
228.7398321431102
215.681359036534
196.53509911391
173.30583052644232
148.64802768526732
125.3158900233147
105.71569463522985
91.6313636992671
84.12139675385967
83.54120953494483
89.63301720481977
101.63699107723568
118.39915776245412
138.471667282968
160.21280787915467
181.8960048344771
201.8314490702661
218.49523116788188
230.65311320532587
237.46223834119365
238.5352132783904
233.9564590056586
224.24871263117984
210.29584252539044
193.23471279185296
174.33241548142354
154.86540298992898
136.0143578265362
118.78405930511808
103.95228726003621
92.0470645166707
83.34805785460621
77.90606483157413
75.57413419735036
76.04463295233847
78.88798047419095
83.59032731982846
89.58878647679025
96.30371732743785
103.1679731416969
109.65303722341444
115.29175145590399
119.69706247753639
122.57602547094278
123.73830717486042
123.09864532789402
120.67311849851497
116.56958310682064
110.97314903491706
104.12800033727144
96.31715296156152
87.84183852949234
79.00210821356983
70.07999045912636
61.326159655485654
52.95063969354948
45.117636350285004
37.94421605939292
31.50226111913255
25.82295041317844
20.902941145835957
16.711448198358898
13.197511752469348
10.296884914578936
7.938135548797405
6.047718246184717
4.553916682826599
3.389673128388649
2.494406028046774
1.8149687165368922
1.305926214860627
0.9293284971734042
0.654144110140071
0.4554938268470156
0.31379545640351486
0.21390210324960415
0.14428986639327424
0.09632879031395006
0.06365346364267853
0.04163694485916519
0.026963164725028556
