0.007830898350044494
0.09411995552449991
0.5657580149154222
2.2681455358957487
6.824610947201973
16.446960907881902
33.09512598689935
57.26778363861695
87.17623766816601
118.99760411209563
148.2558110246529
171.61741084178226
188.10244533110733
199.0884011464781
207.21210129303765
214.8453755488904
222.92896961466715
230.63545822806853
235.86132648401792
236.19231514059481
229.8760828377724
216.44674474975255
196.86282410523526
173.22407613694293
148.2508489086039
124.72795315637846
105.0612779908157
91.01334083528123
83.61132982316023
83.17851536609955
89.42979748066689
101.58521407268768
118.47780567963746
138.65260119174482
160.46503516218272
182.18858848204698
202.1354898918255
218.78529923585182
230.90834119519158
237.66712596846776
238.68009007722125
234.03752839081486
224.26763829759534
210.2589085966266
193.15166052557862
174.21510858398307
154.72648940246873
135.86607849567676
118.63731262922173
103.8160043824441
91.9278981514241
83.25034556951046
77.8320018690001
75.52408167064922
76.01749183436569
78.88157548277269
83.60176248851967
89.61475153025205
96.34073803250509
103.21260822494298
109.70202923009279
115.34213998572675
119.74626691504001
122.62190199460532
123.77918257378293
123.13332866343524
120.70089118423705
116.59016845973743
110.98666346503384
104.13488968672713
96.31811869313442
87.83775920695659
78.99396185920557
70.06878290145636
61.31286299316281
52.93614367482864
45.10271400800364
37.929503545492395
31.488250507338673
25.80999338372739
20.891260971667563
16.701157303592325
13.188632256364642
10.289369928823334
7.931889476405429
6.0426148557628565
4.549814236417613
3.3864262780186496
2.491874539039281
1.8130233161318594
1.3044520080278723
0.9282264522547302
0.6533311142533055
0.4549017649395555
0.3133696968202549
0.21359969172928014
0.14407765061965228
0.09618162572026114
0.06355259193127186
0.04156859087393804
0.026917364309926497
