0.04876490190211699
0.43750679587304586
1.9648738313276617
5.896410468875915
13.330924043907386
24.32430267509269
37.61303537162908
51.4211820002206
64.88738144578214
79.04573363063359
96.57752943059498
120.40462734071268
151.9144778729578
189.75529538636405
229.76385196310864
266.00975946805676
292.4759902235036
304.7135832040524
300.91626482063396
282.15403254099755
251.83412654810735
214.69308290066968
175.69998543107107
139.18061436316262
108.31989418129008
85.04304088560934
70.1690847809156
63.6926943467525
65.06953763028127
73.43000512386814
87.6995304440552
106.6436078257997
128.87536937742877
152.86489210834253
176.97814826481857
199.5565718526638
219.03150151810817
234.05537556277045
243.6256082626492
247.17784376088568
244.63155732964904
236.38056310029393
223.23132034092623
206.30066080487168
186.89005341088728
166.3551167973188
145.98708576567432
126.91836068289675
110.0585015631156
96.06142418634558
85.32014084050263
77.9827073119071
73.98214548309858
73.07368065458677
74.87412413768445
78.90006345461173
84.60320855015021
91.4024705655006
98.71300112377315
105.97254189873546
112.66518437961021
118.3422229962451
122.63939586969839
125.28959061528985
126.1301212165352
125.10395724225488
122.25475109275014
117.71606848408182
111.69577633427961
104.45698577863486
96.29721866607437
87.52753185822978
78.45319971329677
69.35725656851416
60.48779342686601
52.049450371343
44.19910957279984
37.04542260040145
30.651532668878684
25.04019155350797
20.200419343933483
16.09489706231269
12.66739335652073
9.849679793861036
7.567558720061056
5.745791507128814
4.311857609528517
3.198586963926277
2.3457865897868464
1.7010281598410526
1.219781397657231
0.8650747310264211
0.6068464454287256
0.4211229186723517
0.28913058695324506
0.19641897780352863
0.1320459932266831
0.08785500493240876
0.05785667161933542
0.03771648966821109
0.0243413286243323
