0.02068503948271082
0.21810687845428361
1.1505132319013185
4.04995361886247
10.711043323634028
22.73300661296823
40.42855685406309
62.220712414819545
85.1722966771496
106.47220758965878
124.94082244181092
141.5644562289445
158.72855813088137
178.64066988261624
201.85096230227026
226.61557031147262
249.32588747752195
265.704009088883
272.1926092054152
267.00076798771755
250.50674054916618
225.01024457088022
194.0441370905549
161.54017446099388
131.105506440185
105.5570272581492
86.7399089698353
75.56856262766037
72.19041254605986
76.17951773759519
86.69985508801453
102.6169511078713
122.56701106674095
145.00819679483902
168.27953890664057
190.6835763067677
210.59505678970828
226.58519620083896
237.5426940002112
242.77051736779185
242.04109546596936
235.60032927423418
224.12032426950006
208.60957057899995
190.2955500812369
170.49745438948904
150.50582829174814
131.4822806726918
114.38716432878262
99.93764109091899
88.59391294813142
80.5682829409065
75.85030691691084
74.24140231251782
75.39343097838076
78.84741927643478
84.07022438570053
90.4882523756765
97.51811502816969
104.59438082660529
111.19445479460799
116.86029702878832
121.2163496213422
123.98283502779289
124.9836000810966
124.14792311405112
121.50613158723822
117.17940919147875
111.3647040491575
104.31608991388421
96.32421097542517
87.69552275057887
78.73292700668354
69.71911889257332
60.90357182756566
52.49364226105555
44.64984266929513
37.484957131652514
31.06639347002057
25.42099510236055
20.541473432742194
16.39365339560721
12.923827720605756
10.065662995005887
7.746266807142011
5.891188215469644
4.428267340161067
3.2903642070353705
2.417078180101389
1.755618270888232
1.2610055124633122
0.8957874970460333
0.6294287464428846
0.4375150832638725
0.3008808735889773
0.2047389074135811
0.13786643757007586
0.0918789926208053
0.06060654887580235
0.039574347735171905
0.02558251108979674
