0.007680485946244927
0.09252414476810199
0.5574406318913712
2.2399087105084257
6.754969794947279
16.31577938832644
32.90382203253477
57.05902137136398
87.03525216003865
119.0248872613854
148.51987097827498
172.1123714651973
188.73544359417178
199.70568297296546
207.65184650240866
214.99281816371337
222.7510249260472
230.18419847364297
235.24997133619453
235.55688187525809
229.3378249869918
216.08644203067857
196.7112777831909
173.26704855772533
148.4430443253861
125.00982123093907
105.37371019418998
91.30757866037355
83.85358423388912
83.35029006515629
89.52554677605596
101.60890937758525
118.43953785948999
138.56580320847033
160.34446729172976
182.04896749069425
201.99055512874122
218.6471366329087
230.78686506131203
237.56969650413654
238.61129283764927
233.99915308676916
224.2588757827496
210.27675110647323
193.1914560845471
174.27119700720525
154.79283982081103
135.9368566587912
118.70732622445529
103.88100014527427
91.98470956475762
83.29690983996154
77.86727716189705
75.54789996331877
76.03038054122736
78.88457446536165
83.59625462772479
89.60231677813104
96.32303416980426
103.19127707002707
109.67862477469001
115.31807443608275
119.72277125148027
122.59999877834007
123.7596698057247
123.11677420952952
120.6876375004731
116.58034711824249
110.98021844853972
104.1316077752944
96.31766469870975
87.83971345639166
78.99785725823496
70.07413913787275
61.31921590909396
52.94306847167645
45.10984164468137
37.936530357184196
31.494941633215415
25.816181000067875
20.89683856278451
16.706071273761097
13.192872117825408
10.292958131476095
7.9348717153538395
6.045051441923581
4.551772874547475
3.3879763879292195
2.4930830920641442
1.8139520441444255
1.3051557739122182
0.9287525417731105
0.6537192105824579
0.45518438915928594
0.31357293156873484
0.21374404390060395
0.14417894707947704
0.09625187011934447
0.06360073897667383
0.04160121629250244
0.026939224491655683
