0.015387295078713215
0.16951803251386902
0.9341729817033803
3.4345923303485058
9.483212970966184
20.995116296614142
38.888034372373376
62.15976894253488
87.93937842873588
112.6954665817393
133.92891728200445
151.29660698728196
166.49225689983734
182.01052281965048
199.5494698943136
218.90606819424275
237.84361724619706
252.87230448765112
260.4939182195155
258.36073052716694
245.9490749681681
224.6147202746908
197.1404867520189
167.02217892931645
137.75108823521163
112.27508308808908
92.71074090048552
80.28408046841167
75.42336972769066
77.91714525651479
87.0712334015062
101.8319827595663
120.87351741624809
142.66564990742694
165.5440915155741
187.79863592841838
207.78327406485192
224.04003974676792
235.41978813125579
241.180124152817
241.04343319146966
235.20501062340682
224.2903760016535
209.26958538326843
191.34278086309175
171.8142466393354
151.97173909096333
132.98450020283389
115.82832460163927
101.24063438726739
89.70383142250276
81.45195078912903
76.49407291181798
74.64790030074839
75.5779349401625
78.8342670959574
83.88960933077533
90.17352185249827
97.10359584037836
104.11367719143765
110.67913598133742
116.33889446520918
120.71360464346137
123.51916504999444
124.57477307897334
123.80494247033012
121.23533420191177
116.98277113942581
111.24033372971351
104.25887294105571
96.32655792345872
87.7481630689048
78.82569126446778
69.8416568974215
61.04596484311515
52.64688157818618
44.80616197652664
37.63802045455595
31.211352332230447
25.55443703357041
20.66128867260613
16.498847825157213
13.014308303188935
10.142018161933812
7.809559175245543
5.942771597974732
4.4696348704743185
3.323029994214107
2.4424915045686246
1.7751069777303656
1.2757438979317133
0.9067834532725336
0.6375250284695949
0.4434000842210237
0.3051050517306938
0.2077338519384548
0.13996437919908736
0.09333129011448922
0.0616002783532299
0.04024657811471394
0.02603217424293754
