0.007725710561128958
0.09300443917424701
0.5599465852660046
2.248425981383212
6.776003236893668
16.355460633160465
32.96180816482128
57.12251101862415
87.07851750677378
119.01746540365427
148.44083317742823
171.96320750032237
188.54398938691742
199.5183391607755
207.5176508145766
214.94674114424666
222.80340376751377
230.31957836794933
235.43428813636945
235.74903212853062
229.5010455093335
216.19613503873504
196.75794210770513
173.25483160580148
148.38553967367554
124.92499212198676
105.27943523632064
91.21863815649887
83.78024535361757
83.2981951128783
89.49641310488704
101.6015645618735
118.45094772614586
138.5919142108606
160.38081874774466
182.09110865553922
202.0343293453546
218.68888670268214
230.82359031531792
237.5991685057202
238.6321220003604
234.01079503936154
224.26157184154957
210.27140737246475
193.17947597473267
174.2542891216621
154.77282531900272
135.91549781474063
118.68619180397049
103.86137554018227
91.96755206227293
83.28284339465758
77.85661731970339
75.54069825937516
76.02647835521334
78.88365829036513
83.59790725536182
89.60606139765805
96.32837040126503
103.19770930657192
109.68568389686082
115.325334112584
119.72985985054827
122.60660757746693
123.76555786268953
123.12177004309817
120.69163766259668
116.58331180898602
110.98216448569772
104.13259942448212
96.31780304102159
87.83912507775175
78.99668306513134
70.07252403610994
61.317299939953394
52.940979808747876
45.10769164435046
37.934410654658706
31.492923106644724
25.814314302188457
20.89515584830661
16.704588729321735
13.19159292185826
10.29187552245489
7.93397191608226
6.044316263249113
4.551181894551893
3.3875086655805773
2.492718423721271
1.8136718059359536
1.3049434136622096
0.9285937928889623
0.6536020999278113
0.4550991042991747
0.31351160253960453
0.21370048299589417
0.1441483786461854
0.09623067207155035
0.06358620919868956
0.041591370503412495
0.026932627389054754
