1.9783826452342936e-11
8.228462064474226e-11
8.049520979116177e-10
8.952860484518293e-9
7.813142777013012e-8
5.469884519134188e-7
3.1916900155451243e-6
1.5963227741728866e-5
6.986007053722637e-5
0.0002717595549104307
0.0009514437895954469
0.0030282293450341565
0.00883498529035639
0.023793634808310354
0.05950193224688569
0.1388794932619819
0.3038900311780578
0.6258436433270623
1.217283270816867
2.2430366291019337
3.9264916951588984
6.546116071112845
10.41739985035048
15.85732075916173
23.132197018277747
32.39479134833882
43.621455480811
56.56329507818643
70.72533008339192
85.38376444430172
99.64427616924729
112.53535260721473
123.12246757672334
130.62361063924698
134.5058211848721
134.5461729312362
130.84802187248198
123.81228837207637
114.07184531712788
102.40288052501444
89.62940121553125
76.53585734772096
63.799015087441845
51.94500971439631
41.332290059226686
32.156980913747894
24.47460826697477
18.231239845339935
13.297600470944015
9.501135536490146
6.652790114006227
4.56700996640053
3.0748712005514944
2.0311844937153656
1.3169034206893835
0.8382808583645134
0.5240827141388008
0.321901716901014
0.19430931137178706
0.11530281603021059
0.0672801540104311
0.038614948065284975
0.021805300632898945
0.01211769012393918
0.006628849845065545
0.0035704515000105127
0.0018939892763806998
0.0009896942023989658
0.0005095542481336963
0.0002585470870186339
0.00012931232557237976
6.376463625988817e-5
3.100599719134668e-5
1.4870348831064789e-5
7.035383077702961e-6
3.2841637232258216e-6
1.5128975530527194e-6
6.878870101448687e-7
3.087598483163917e-7
1.368333755630597e-7
5.98825611893858e-8
