2.2404098992203105e-6
4.462972360248014e-5
0.0004445196009728551
0.0029516603091572034
0.014699518134176004
0.058563875445198414
0.19443537059495297
0.5533169144916614
1.377782530364927
3.049543823132105
6.074794529620751
11.001087596794896
18.262115796029303
27.983656243024935
39.81742249703325
52.87843798841266
65.8347813598275
77.14420574575422
85.37443204830512
89.51003215260404
89.1539066488162
84.57124123910093
76.57889699934249
66.32987231025808
55.06469157692118
43.896301081945396
33.6705353326677
24.91366383669055
17.853479957530446
12.48687100688725
8.664962519482463
6.1730921072103335
4.792266536687075
4.3375527921838115
4.6750126189974575
5.72194130623389
7.435975867659858
9.798096791160859
12.79352547951216
16.39353764174287
20.540453529414084
25.137485522004994
30.044588650887476
35.0808538516427
40.03326667830031
44.6708736394861
48.76266761716564
52.09696078770255
54.4997755906019
55.84991335520391
56.08884419159025
55.224317112098866
53.32748096192342
50.5241791126773
46.9817917633534
42.89344781963813
38.46156934062349
33.88256001498787
29.3340679718783
24.96573484476785
20.89378755801655
17.19932531285794
13.929765096087706
11.102667009317218
8.711068162516565
6.7294896067965455
5.119909241971781
3.837174336284262
2.8335226581077726
2.0620617689386034
1.4792027369981942
1.0461487111912706
0.7296002922278899
0.5018641926997377
0.3405481788137493
0.22800342455841394
0.15064400356378393
0.09823928552767824
0.06324332050942143
0.0401986662593797
0.0252316544508816
