2.2404098893793792e-6
4.462972341712059e-5
0.0004445195992329664
0.002951660298310159
0.014699518083672786
0.05856387525799828
0.19443537001994526
0.5533169129876728
1.3777825269494863
3.0495438163018935
6.074794517467767
11.001087577417925
18.26211576823113
27.983656207122323
39.817422455472084
52.87843794586647
65.83478132260372
77.14420572058806
85.37443204087461
89.51003216622284
89.15390668370374
84.57124129241919
76.57889706592803
66.32987238377325
55.064691651069836
43.89630115144802
33.6705353938233
24.913663887502253
17.853479997487785
12.486871036549323
8.664962540008077
6.173092119942268
4.792266542848079
4.33755279269968
4.675012614433746
5.721941296819783
7.435975853370145
9.798096771831197
12.793525454966597
16.39353761191853
20.540453494468203
25.137485482393895
30.044588607407945
35.0808538054302
40.033266630782364
44.67087359229546
48.762667572022515
52.096960746280054
54.49977555439099
55.84991332539476
56.088844168983734
55.22431709705803
53.32748095436856
50.524179112122575
46.981791768977594
42.893447830378655
38.461569355280815
33.882560032328286
29.334067990724563
24.965734864070356
20.8937875769014
17.199325330651334
13.929765112319071
11.102667023705214
8.711068174943914
6.729489617276374
5.119909250614096
3.837174343262851
2.8335226636313346
2.0620617732277853
1.4792027402683308
1.0461487136407646
0.7296002940315516
0.5018641940059999
0.3405481797446437
0.2280034252114614
0.1506440040149473
0.09823928583473306
0.06324332071535924
0.040198666395531005
0.025231654539637577
