1.3159538182210538e-12
4.430926223893433e-11
7.67602418985229e-10
8.933589577153006e-9
7.813657105753064e-8
5.470182844576576e-7
3.1917424756846816e-6
1.5963298228580804e-5
6.986015147432288e-5
0.0002717596370864876
0.0009514438645941265
0.003028229407236042
0.008834985337623932
0.023793634841416594
0.05950193226829954
0.1388794932746474
0.3038900311845311
0.6258436433290714
1.2172832708151815
2.2430366290964123
3.926491695148635
6.546116071096275
10.417399850325621
15.857320759126397
23.132197018230105
32.39479134827728
43.621455480735555
56.56329507809764
70.72533008329272
85.38376444419646
99.64427616914102
112.53535260711341
123.12246757663294
130.62361063917277
134.50582118481805
134.54617293120455
130.84802187247288
123.81228837208835
114.0718453171579
102.4028805250584
89.62940121558461
76.53585734777926
63.79901508750105
51.945009714452816
41.33229005927899
32.156980913793845
24.474608267013743
18.231239845372073
13.297600470969725
9.501135536510068
6.652790114021216
4.567009966411664
3.074871200559471
2.031184493720967
1.3169034206932209
0.8382808583671049
0.5240827141405067
0.3219017169021144
0.19430931137248164
0.11530281603064242
0.0672801540106955
0.03861494806544276
0.021805300632991763
0.012117690123992657
0.0066288498450960244
0.0035704515000274865
0.001893989276390027
0.0009896942024040084
0.0005095542481363722
0.00025854708702003574
0.0001293123255731011
6.376463626025474e-5
3.100599719152977e-5
1.4870348831154927e-5
7.035383077746907e-6
3.2841637232468958e-6
1.5128975530626426e-6
6.878870101495076e-7
3.087598483185221e-7
1.3683337556402717e-7
5.988256118981856e-8
