2.2407231328669323e-6
4.463562351325693e-5
0.0004445749805484448
0.0029520055622691633
0.014701125604717875
0.05856983382649604
0.19445367238777142
0.5533647843025411
1.3778912383800392
3.0497612165650696
6.075181334547969
11.001704321655428
18.263000541096595
27.984798920438674
39.81874525273678
52.879792066155126
65.83596600947418
77.14500660110672
85.37466839820159
89.50959854160749
89.15279610664487
84.56954410452542
76.57677762218357
66.32753240789158
55.062331541162884
43.894088944949424
33.668588885135236
24.91204662153456
17.852208221039742
12.485926952650734
8.664309261664968
6.17268690841861
4.792070481250002
4.337536416770208
4.675157926007229
5.722241005984355
7.4364307651673505
9.798712121918234
12.79430684117981
16.39448703801297
20.5415659543581
25.138746448283044
30.045972712032377
35.08232490309881
40.03477927710078
44.672375810521764
48.76410460143525
52.098279327158274
54.50092822414708
55.85086219866346
56.0895637528705
55.22479583704798
53.327721389946106
50.524196711188004
46.98161267499073
42.893105871489766
38.461102717583
33.882007989323746
29.333468018539445
24.965120374540607
20.893186388869374
17.19875889276352
13.929248402912805
11.102208993516491
8.710672568633003
6.7291560072623735
5.119634135099491
3.836952191802945
2.833346830459481
2.0619252344710874
1.479098641790869
1.0460707392153925
0.7295428783193539
0.5018226121795293
0.3405185470435063
0.2279826370756489
0.1506296424288244
0.09822951156399115
0.06323676526537204
0.040194332404077424
0.02522882924588002
