2.240449288481372e-6
4.46304655216219e-5
0.00044452656503266106
0.002951703725400836
0.014699720277539331
0.05856462472949906
0.19443767211055216
0.5533229343189959
1.3777962009165023
3.0495711615382635
6.074843172723755
11.00116515424455
18.262227059711215
27.98379994501844
39.81758884740562
52.878608280639064
65.83493034842039
77.1443064723873
85.37446178646599
89.50997763930634
89.15376700611306
84.57102782646592
76.57863048401505
66.32957805918758
55.06439479082951
43.89602289246199
33.67029055340661
24.913460459261266
17.853320025565143
12.486752282736758
8.664880364666697
6.173041147182084
4.792241877347738
4.3375507280161525
4.675030886310364
5.721978987909134
7.436033064568302
9.798174161407749
12.793623726863991
16.393657018156393
20.54059340552516
25.137644071268877
30.044762683864015
35.081038823646004
40.03345687543098
44.67106252644345
48.76284830854004
52.09712658674656
54.49992052941155
55.85003267002239
56.08893467680243
55.22437731462814
53.32751120082029
50.524181332583616
46.981769251253596
42.89340482881013
38.46151067235162
33.88249060733795
29.333992536970385
24.96565758373393
20.89371196877612
17.199254092383995
13.929700127807951
11.102609418769914
8.711018420638993
6.729447659910741
5.119874649844325
3.837146403591962
2.8335005492764807
2.062044600840072
1.4791896478359312
1.0461389067955968
0.7295930728373649
0.501858964231937
0.3405444528108768
0.22800081066103398
0.1506421977356484
0.09823805650647655
0.06324249622232142
0.04019812129889208
0.025231299194792566
