2.397324057011395e-6
4.757875220842446e-5
0.0004721384359970739
0.0031234489122280635
0.015497466998275146
0.06151443231180136
0.2034754767284608
0.5768997347400635
1.4311879035507165
3.1560251263400856
6.263639539251008
11.301091126481687
18.690694401528273
28.53437682328745
40.450758472167095
53.520693886556465
66.38777434770837
77.50426879360154
85.45544762047565
89.2633726013878
88.57919057726727
83.71514550906322
75.52332266513822
65.1738619871075
53.905625558536116
42.81503892423692
32.72306896331211
24.129524064431312
17.2393976621406
12.033393411413252
8.35378840262164
5.983490779689364
4.705712963276168
4.340372482100053
4.759258967620052
5.884923256478507
7.678882466936034
10.124110487782916
13.205742270372397
16.892952825220796
21.124232473486387
25.797708386970935
30.767620461925137
35.847435076451184
40.819342058401254
45.449085759177876
49.50435105786
52.774399897115664
55.088448895686156
56.33044926260825
56.44845624565772
55.45756471962098
53.43629878274755
50.51721790993191
46.87319886553448
42.701273988012375
38.206014362194246
33.58426192735443
29.012606273554063
24.638465839564105
20.575070942068997
16.900145196461573
13.657703363194843
10.862156505598861
8.503838652582301
6.555119063966795
4.976403403122983
3.7215144124608015
2.742140619663222
1.9912214449713534
1.4252808512301787
1.0058217699051248
0.6999507195359026
0.48042271557594246
0.3252900232553002
0.21731435224612472
0.14326950056291962
0.09322705200200827
0.05988613405687421
0.03798202509669745
0.023788500042640943
