0.47502420107142607	0.9949591132421429
0.47506223842219397	1.0080837163286704
0.47531425650628867	0.9818376605457506
0.4754283447864861	1.0212032673556295
0.4759322234515766	0.9687275587203078
0.47612229135974227	1.034309567030687
0.4768777156980648	0.9556370011527029
0.477143644447943	1.047394424343175
0.4781501423438763	0.9425741690152993
0.4784917657386547	1.060449661683204
0.47974870816377657	0.9295472261529701
0.48016581269995384	1.0734671199524017
0.481672414106164	0.9165643139809582
0.48216473910698243	1.0864386636630878
0.48392005791744386	0.9036335463967595
0.4844872956958036	1.0993561860226841
0.485023740098637	0.9950551301327688
0.4850610529284378	1.0079297407795529
0.4853082706680737	0.9821836098686888
0.48542018583817204	1.0207993955964747
0.48591446681440376	0.9693232242684925
0.4861009143814614	1.0336560514681978
0.48649023489339793	0.8907630047091993
0.48684194968476835	0.9564820106545562
0.48710281312512504	1.046491673403305
0.48713203094415203	1.1122116140001996
0.4880901396325643	0.9436679943673889
0.48842525591506125	1.0592982395559047
0.48938133875707923	0.877960732587878
0.48965825657970463	0.9308891837500565
0.4900674162675738	1.0720677462390227
0.4900972919785874	1.1249969133716111
0.4915453205041419	0.9181535651432257
0.49202826788589704	1.084792212926648
0.49259156266268245	0.8652347310361401
0.49338122560748643	1.1377040937409904
0.4937501520523496	0.9054690978939641
0.49430658530159777	1.0974636872412997
0.495023279125848	0.9951511470233947
0.4950598674346818	1.0077757652304355
0.4953022848298586	0.9825295591916269
0.4954120268898581	1.0203955238373197
0.4958967101772309	0.9699188898166771
0.49607953740318067	1.0330025359057085
0.4961189003247639	0.8525929533907053
0.4962713732763808	0.8928437093814051
0.4968061836714719	0.9573270201564095
0.496900944640454	1.1100742499240055
0.4969817794792277	1.150325213534243
0.4970619818023071	1.045588922463435
0.4980301369212524	0.9447618197194784
0.4983587460914679	1.0581468174286057
0.49910740849503965	0.8802852900623946
0.4995678049956327	0.9322311413471428
0.49980972451232863	1.1226160197835804
0.4999611472721045	0.840043300351095
0.4999690198351937	1.0706683725256436
0.5008967033648447	1.1628523849623338
0.5014182269021197	0.9197428163054931
0.5018917966648117	1.0831457621902083
0.5022564852786313	0.8678016885402136
0.5030311070244866	1.1350811586221143
0.5035802461872555	0.9073046493911686
0.5041159022254327	0.8275936150419498
0.504125874907392	1.095571188459915
0.5050228181530589	0.9952471639140206
0.5050586819409257	1.007621789681318
0.505123550564345	1.175277778950897
0.5052962989916436	0.982875508514565
0.505403867941544	1.019991652078165
0.5057166355566731	0.8554007066594538
0.5058789535400581	0.9705145553648616
0.5060525116593637	0.8949244140536108
0.5060581604248999	1.0323490203432193
0.5065630789177187	1.1474618761335909
0.5066698583367558	1.1079368858478111
0.5067704176581753	0.9581720296582628
0.507021150479489	1.0446861715235651
0.5079701342099405	0.9458556450715679
0.5082922362678745	1.0569953953013065
0.5085805685981459	0.8152516781113333
0.5088334782330001	0.8826098475369113
0.5094773534115609	0.933573098944229
0.5094856968478738	0.8430900946301217
0.5095221570460697	1.1202351261955499
0.5096596794358188	1.1875936300331542
0.5098706234028136	1.0692689988122646
0.5104034328245619	1.1597504347725751
0.5112911333000976	0.9213320674677605
0.5117553254437263	1.0814993114537685
0.5119214078945803	0.8703686460442871
0.5126809884414869	1.1324582235032383
0.513352356119092	0.80302520286808
0.5134103403221614	0.9091402008883732
0.513561313611615	0.830877546184008
0.5139451645131863	1.0936786896785307
0.5145022550463787	1.1997922412030768
0.5145497686488336	1.1719391545899276
0.5150223571802699	0.9953431808046463
0.5150574964471697	1.0074678141322004
0.5152903131534285	0.983221457837503
0.5153143707885823	0.8582084599282022
0.51539570899323	1.01958778031901
0.5158336500423466	0.8970051187258166
0.5158611969028851	0.9711102209130463
0.5160367834466191	1.03169550478073
0.5161443783562095	1.1445985387329385
0.5164387720330577	1.1057995217716168
0.516734651644879	0.959017039160116
0.5169803191566711	1.043783420583695
0.5179101314986285	0.9469494704236575
0.517940938720086	0.8187706937663555
0.5182257264442811	1.0558439731740075
0.5184282825763994	0.7909218304612273
0.5185595479709605	0.8849344050114278
0.5189994950656127	1.184020418032523
0.5190102464236434	0.8461368889091485
0.519234589579811	1.1178542326075191
0.5193869018274888	0.9349150565413153
0.5196482509439008	1.2118659887257657
0.5197722269704337	1.0678696250988855
0.5199101622842792	1.1566484845828162
0.5211640396980755	0.922921318630028
0.5215863305105292	0.8729356035483606
0.521618854222641	1.0798528607173288
0.5223308698584872	1.1298352883843623
0.522621835050157	0.8067771037658309
0.5230067249977972	0.834161477326066
0.5232404344570671	0.9109757523855778
0.5237498311407334	1.1959866747039707
0.5237644541189805	1.0917861908971462
0.5238051756812603	0.7789491251045485
0.5239759867333222	1.1686005302289582
0.5249121060204918	0.8610162131969507
0.5250218962074807	0.9954391976952722
0.5250563109534137	1.0073138385830829
0.5250944510484585	1.2238073269020364
0.5252843273152136	0.9835674071604411
0.525387550044916	1.0191839085598553
0.5256147884253295	0.8990858233980222
0.5257256777947005	1.1417352013322863
0.5258434402657122	0.9717058864612309
0.5260154064683382	1.0310419892182405
0.5262076857293596	1.1036621576954226
0.5266988856315824	0.9598620486619693
0.5269394878338531	1.042880669643825
0.527301308842026	0.8222897094213777
0.5276010771939919	0.7949042717857754
0.5278501287873167	0.948043295775747
0.5281592166206877	1.0546925510467082
0.5282856177089209	0.8872589624859445
0.5283393106954066	1.1804472060318913
0.5285347959994128	0.8491836831881753
0.5287978080687789	1.2078304460833702
0.5289470221135522	1.1154733390194884
0.529296450243417	0.9362570141384016
0.5294168917439964	1.1535465343930575
0.5294796750505095	0.7671145693491627
0.5296738305380535	1.0664702513855062
0.530837451662268	1.2356087927842365
0.5310369460960532	0.9245105697922955
0.5312512531264781	0.8755025610524342
0.5314823830015556	1.078206409980889
0.5318913139812219	0.8105290046635818
0.5319807512754875	1.1272123532654863
0.5324521363839794	0.8374454084681242
0.5328755532873315	0.7831596179596999
0.532997407235088	1.1921811082048643
0.533070528591973	0.9128113038827824
0.5334022048178109	1.1652619058679887
0.5335837437247748	1.0898936921157618
0.5341402710284879	1.2195443301991407
0.534509841252401	0.8638239664656991
0.5350214352346917	0.9955352145858981
0.5350551254596575	1.0071598630339653
0.5352783414769986	0.9839133564833792
0.5353069772331913	1.138871863931634
0.535379391096602	1.0187800368007003
0.5353959268083125	0.901166528070228
0.5354482343067548	0.7554255594071854
0.5358256836285393	0.9723015520094155
0.5359765994256614	1.1015247936192283
0.5359940294900575	1.0303884736557514
0.5366616789639662	0.8258087250763999
0.536663119618286	0.9607070581638225
0.5367738718115842	0.7988867131103234
0.5368736635968885	1.247263010840344
0.5368986565110352	1.041977918703955
0.5376791263252005	1.1768739940312598
0.5377901260760047	0.9491371211278365
0.5379473651936569	1.2037949034409745
0.5380116874468812	0.889583519960461
0.5380593455751823	0.852230477467202
0.5380927067970942	1.0535411289194092
0.5384419669543095	0.7715504823139405
0.5386594546472934	1.1130924454314577
0.5389236212037136	1.1504445842032989
0.539205998659345	0.9375989717354879
0.5395754341056735	1.0650708776721272
0.5397738811544153	1.231121006255013
0.540909852494031	0.926099820954563
0.540916175742427	0.8780695185565077
0.5411607929122868	0.8142809055613326
0.5413459117804702	1.0765599592444492
0.5416306326924878	1.1245894181466103
0.5417071232947452	0.7438894005293373
0.5418975477701616	0.8407293396101823
0.5419459308934027	0.7873701108148514
0.5422449833294427	1.1883755417057582
0.5428284229022996	1.1619232815070193
0.5429006227268789	0.914646855379987
0.5431860910085172	1.2152813334962447
0.5431993144163478	1.2587626975634343
0.5434030333305689	1.0880011933343774
0.5441075764843102	0.8666317197344476
0.5442968393675786	0.7600841201803819
0.5448882766716823	1.1360085265309818
0.5450209742619025	0.9956312314765239
0.5450539399659013	1.0070058874848478
0.5451770651912954	0.9032472327424337
0.5452723556387835	0.9842593058063173
0.545371232148288	1.0183761650415455
0.5456951176236144	1.2425532392052898
0.5457455131219633	1.099387429543034
0.5458079269913665	0.9728972175576002
0.5459466664291766	0.8028691544348715
0.5459726525117766	1.029734958093262
0.5460220490859062	0.8293277407314221
0.5466273536049895	0.9615520676656758
0.5468578251882172	1.041075167764085
0.5470189419549945	1.1733007820306283
0.547096922318535	1.199759360798579
0.5474042588581092	0.7759863952787184
0.5475838951509517	0.8552772717462288
0.5477301233646927	0.9502309464799261
0.5477377571848416	0.8919080774349777
0.5480261969735007	1.05238970679211
0.5482524304125997	0.732513302439398
0.5483718871810346	1.110711551843427
0.5484303506634309	1.1473426340135402
0.5487103106465626	1.2266332197257894
0.5491155470752731	0.9389409293325741
0.5494770376732934	1.063671503958748
0.5498104507947927	1.270100666023637
0.5504302718433518	0.8180328064590835
0.5504365114224645	0.7487676976621118
0.5505810983583759	0.8806364760605813
0.5507827588920089	0.9276890721168304
0.5510163084994739	0.7915806036700028
0.5512094405593848	1.0749135085080095
0.551280514109488	1.1219664830277343
0.5513429591563439	0.8440132707522404
0.5514925594237974	1.1845699752066519
0.5519002798560364	1.2538338842765118
0.5522319109885466	1.2110183367933487
0.5522546409867883	1.1585846571460499
0.5527307168617847	0.9164824068771915
0.5531454444284023	0.7647426809535782
0.5532223229363631	1.086108694552993
0.5537053117162195	0.8694394730031961
0.5544695761101732	1.1331451891303295
0.5545165716503404	1.2378434675702357
0.5549582035742782	0.9053279374146395
0.5550205132891135	0.9957272483671498
0.5550527544721453	1.0068519119357302
0.5550800650564279	0.7213043748283665
0.5551194610467689	0.8068515957594196
0.5552663698005684	0.9846052551292553
0.5553630731999739	1.0179722932823907
0.5553824192078463	0.8328467563864443
0.5555144268182651	1.0972500654668398
0.5557901703541935	0.9734928831057847
0.5559512755334959	1.0290814425307728
0.5562464794434131	1.1957238181561836
0.5563587575847884	1.1697275700299967
0.5563665507619091	0.7804223082434962
0.556591587591693	0.9623970771675291
0.5567029409871884	1.2812698303597312
0.5568169938653993	1.040172416824215
0.5568571460237883	0.7376082871548381
0.5571084447267212	0.8583240660252556
0.557463826922802	0.8942326349094942
0.5576467401387099	1.222145433196566
0.5576701206533808	0.9513247718320156
0.5579370801231482	1.1442406838237813
0.5579596871499073	1.051238284664811
0.5580843197147758	1.1083306582553965
0.5583854898272729	1.2649558914327106
0.559025095491201	0.9402828869296604
0.5591658995501836	0.7536459947948864
0.5593786412409133	1.062272130245369
0.5596997507744166	0.8217847073568343
0.5600866861055451	0.7957910965251543
0.5602460209743247	0.8832034335646547
0.5606012452957251	1.2489050709895892
0.5606556652899867	0.9292783232790979
0.560740135518152	1.1807644087075457
0.5607883705425261	0.8472972018942985
0.5609303955264882	1.1193435479088583
0.5610729693382994	1.0732670577715697
0.5612777309685759	1.2067553400904527
0.561680859071277	1.1552460327850802
0.5619940494892259	0.7694012417267748
0.5621857601768269	0.710269622911133
0.5625608109966904	0.9183179583743961
0.5630416125421573	1.0842161957716083
0.5633030469481287	0.8722472262719445
0.5633380256770664	1.2331336959351815
0.5635547304839246	0.7266128629268738
0.563872477411525	1.2922632102075786
0.564050875548664	1.1302818517296773
0.5642922556643614	0.8108340370839676
0.564739341957261	0.9074086420868451
0.5647427893297864	0.8363657720414666
0.5650200523163245	0.9958232652577756
0.5650515689783893	1.0066979363866126
0.5651466944921945	1.2759123097814506
0.5652603839623535	0.9849512044521934
0.565283340514567	1.0951127013906454
0.5653288426657088	0.7848582212082741
0.5653549142516598	1.017568421523236
0.5653960365682912	1.1916882755137879
0.5654618616349769	0.7427032718702782
0.5656985732145824	1.1661543580293652
0.5657724137170206	0.9740885486539693
0.565929898555215	1.0284279269682834
0.5665558215783966	0.9632420866693824
0.5665831696308572	1.2176576466673423
0.5666329943024906	0.8613708603042822
0.5667761625425813	1.039269665884345
0.566960528859753	1.2598111168417843
0.5671898966607625	0.8965571923840109
0.5674438095828653	1.1411387336340226
0.567610117942069	0.9524185971841052
0.567796752248517	1.1059497646673657
0.567893177326314	1.0500868625375117
0.5678952876779028	0.7585242919276609
0.5689346439071292	0.9416248445267468
0.5689692297054816	0.8255366082545852
0.5691570637116163	0.8000015893803057
0.5692802448085332	1.06087275653199
0.5693022107354136	1.2439762577026667
0.5695650749456467	0.699415943048449
0.5699109435902737	0.8857703910687282
0.5699877116125068	1.1769588422084394
0.5702337819287083	0.8505811330363566
0.5703235509486053	1.2024923433875567
0.5705250790306016	0.7157882967604448
0.5705285716879644	0.9308675744413654
0.5705802769434885	1.1167206127899822
0.5708426545500497	0.7740598024999712
0.570936498117214	1.07162060703513
0.5711070771557656	1.1519074084241108
0.5713145793409158	1.3030739350626248
0.5720293959114211	0.7319213510253811
0.5721594797037922	1.2284239243001271
0.5721796683179722	1.2866962919179104
0.5723909051315963	0.9201535098716007
0.5728609021479516	1.082323696990224
0.572900782180038	0.875054979540693
0.5734650502819538	0.8148164784085157
0.5735904479972004	1.2705547892031699
0.5736321749871549	1.127418514329025
0.5740665772461655	0.7477982565857182
0.5741031594517264	0.8398847876964888
0.5742911345695088	0.7892941341730519
0.574520480340244	0.9094893467590509
0.5745455936931693	1.1876527328713924
0.5750195913435354	0.9959192821484014
0.5750383888443762	1.1625811460287339
0.5750503834846332	1.006543960837495
0.5750522542108689	1.0929753373144513
0.5752543981241385	0.9852971537751315
0.5753467553033459	1.0171645497640809
0.5755195991230044	1.2131698601381187
0.5755355678922331	1.2546663422508577
0.5757546570798477	0.974684214202154
0.5759085215769342	1.0277744114057943
0.57615754387826	0.8644176545833091
0.5765200555651	0.9640870961712357
0.5766246758056219	0.7634025890604353
0.5767353312197634	1.038366914944475
0.5769159663987229	0.8988817498585275
0.5769505390425826	1.138036783444264
0.5772133975313635	0.6887501184369267
0.5775091847822582	1.103568871079335
0.5775501152307569	0.9535124225361947
0.5777638354228725	0.70514135365705
0.5778266675027205	1.0489354404102127
0.5780031761751023	1.239047444415744
0.5782274413176877	0.8042120822354573
0.5782387086365465	0.829288509152336
0.5788441923230573	0.942966802123833
0.5788643978843764	0.7213069706097566
0.5790245957039055	1.313695248573739
0.5791818483761532	1.059473382818611
0.5792352877068615	1.1731532757093333
0.5793693709286347	1.198229346684661
0.5794800159248983	1.297301098204289
0.5795758662062226	0.8883373485728018
0.5796791933148906	0.8538650641784147
0.5796912596108734	0.7787183632731677
0.5802301583604887	1.1140976776711062
0.5804014780859423	0.9324568256036329
0.5804868592244193	1.2811293736282423
0.5805040613389179	0.7372298391238884
0.5805332952402542	1.1485687840631413
0.5808000268961286	1.0699741562986902
0.5809809337305182	1.223714152665073
0.5820342015022063	1.2651972686248893
0.5822209992665022	0.9219890613688053
0.5824985174119472	0.8778627328094415
0.5826378448995462	0.8187989197330637
0.5826712928573541	0.7528932413011582
0.5826801917537459	1.0804311982088395
0.5832134744256459	1.1245551769283728
0.5832534264733085	0.7937300471378298
0.5834635295736665	0.843403803351511
0.5836951508180473	1.183617190228997
0.5841106069247133	1.2495215676599314
0.584301618723227	0.9115700514312566
0.5843782044741701	1.1590079340281023
0.5844560286151517	1.2086820736088952
0.5848211679071708	1.090837973238257
0.5850191303707464	0.9960152990390273
0.5850491979908772	1.0063899852883778
0.5851259479813256	0.6782788148697599
0.5852484122859234	0.9856431030980696
0.5852664756736232	0.6946786876095568
0.5853385963550319	1.016760678004926
0.585354063933341	0.7682808861932099
0.5856820934540294	0.8674644488623358
0.5857369004426749	0.9752798797503386
0.5858871445986534	1.027120895843305
0.5859625959000982	0.710866764265651
0.5864572685023	1.1349348332545053
0.5864842895518037	0.964932105673089
0.5866420361366833	0.9012063073330441
0.5866944998969454	1.037464164004605
0.5867041416147909	1.2341186311288215
0.5869977079912395	1.3241205127657159
0.587043174833355	1.3077201009818582
0.587203716738151	0.7268256444590683
0.5872216173159994	1.1011879774913043
0.5872978189237589	0.8084225750906087
0.5874901125194452	0.9546062478882842
0.5875081875676114	0.8330404100500869
0.5876454525088809	1.2915282613459533
0.5877601576791271	1.0477840182829135
0.5884151909086641	1.193966349981765
0.5884828638012162	1.1693477092102271
0.5885398646716972	0.7833769240463642
0.5887537407389853	0.9443087597209193
0.5887940501308665	1.275562455338574
0.5889787267664144	0.7425383272223958
0.5890834519437731	1.0580740091052319
0.5891246047010728	0.8571489953204727
0.5892407888221716	0.8909043060768753
0.5898023877572441	1.2190043810300188
0.589880039777489	1.1114747425522302
0.589959513324743	1.145230159702172
0.5902743844839202	0.9340460767659002
0.5904779550072122	1.2598397480466086
0.5906635556750433	1.0683277055622504
0.5912760084685427	0.7579882260165982
0.5918106395171385	0.8227813610576118
0.592051093401408	0.9238246128660099
0.5920962526438565	0.88067048607819
0.5922157183771083	0.7981659601026077
0.59249948135954	1.078538699427455
0.5926856459571934	1.2443767930690048
0.5927947738641368	1.1216918395277204
0.5928238996956066	0.8469228190065332
0.5928447079429254	1.1795816475866014
0.5930283108769193	0.6844068374436693
0.5932977812090656	0.668008576570823
0.593319553815883	0.7006072567821866
0.5933924581072989	1.2041942870796716
0.5937180201039641	1.1554347220274708
0.5940827571062098	0.9136507561034624
0.5940834520610602	0.7731591833259844
0.594161356377324	0.716592174874252
0.5945900816034726	1.0887006091620626
0.5948644183152159	1.3179467887130354
0.5950186693979572	0.9961113159296532
0.595048012497121	1.0062360097392602
0.5950617539628045	1.3017449533899774
0.5952066430297989	0.8705112431413626
0.5952289332672739	1.334343212187792
0.5952424264477083	0.9859890524210077
0.5953304374067179	1.0163568062457713
0.5954051070544795	1.229189817841899
0.5955430355919258	0.73234431830838
0.595719143805502	0.9758755452985232
0.5958108890928635	1.2857554244876175
0.5958657676203726	1.0264673802808157
0.5959639979620172	1.1318328830647464
0.5963681058746437	0.9035308648075607
0.5963681965298301	0.8126330679457601
0.5964485235385071	0.9657771151749422
0.5966536685741274	1.036561413064735
0.5967776664986764	0.8367923109478377
0.5969340498497405	1.0988070839032735
0.5971012410373137	1.269995537048906
0.5973884697325209	0.7880354848195606
0.5974301098081332	0.9557000732403738
0.597453392193911	0.747846815320903
0.5974610108886934	1.189703353278869
0.5976936478555337	1.0466325961556144
0.597730439895571	1.1655421427111208
0.5985700160872551	0.8604329264625309
0.59862384178397	1.2142946093949647
0.5986632891549133	0.9456507173180055
0.5989057114381204	0.8934712635809489
0.5989217085122183	1.254482227468328
0.5989850555113929	1.0566746353918528
0.5993857314092317	1.1418915353412025
0.5995299211944893	1.1088518074333542
0.5998807240797313	0.7630832107320382
0.6001472908818979	0.9356353279281677
0.6005270844539579	1.0666812548258107
0.6009306737725131	0.6905348600175787
0.6009834341347309	0.8267638023821599
0.6010444901384169	0.6743322227313788
0.6011780102809081	0.8026018730673855
0.6012606849896736	1.2392320184780785
0.6013726319581427	0.7065358259548167
0.6016939878757658	0.8834782393469385
0.6017237900848216	0.6579458221047421
0.6018811875363138	0.9256601643632145
0.6019942650678035	1.1755461049442057
0.6021842698175467	0.8504418346615555
0.6023187709653341	1.0766462006460706
0.6023288875994462	1.1997065005504481
0.6023601168545498	0.722317585482853
0.6023760733026277	1.1188285021270683
0.6027311286391923	1.3117730646603551
0.6028128401887793	0.778037480458759
0.6029388583478972	1.327974770050882
0.603057835733758	1.1518615100268392
0.6030803330922538	1.2957698057980966
0.6037131272841492	1.3443569579855925
0.6038638954891926	0.915731460775668
0.6038823544457005	0.7378629921576918
0.603976325676846	1.2799825876292819
0.604106072494168	1.2242610045549764
0.6043589952997744	1.0865632450858684
0.6047311926055683	0.8735580374203893
0.6050182084251682	0.996207332820279
0.6050468270033649	1.0060820341901426
0.6052364406094934	0.9863350017439457
0.6053222784584038	1.0159529344866165
0.6054084319437608	1.2644286187592377
0.6054385741359014	0.8168435608009116
0.6054707274217344	1.1287309328749877
0.6057013871683291	0.9764712108467077
0.6058443906420918	1.0258138647183264
0.6059280576214077	0.7531553034194103
0.6060471454297411	0.8405442118455886
0.6060941756126039	0.9058554222820774
0.6062370747933445	0.7926940455927571
0.6064127575252106	0.9666221246767955
0.6065068308687227	1.185440356575973
0.6066128372513094	1.0356586621248651
0.6066464823834816	1.0964261903152428
0.6069780159899256	1.1617365762120146
0.6073654620172242	1.2491247068900475
0.6073701070968212	0.9567938985924633
0.607445295810696	1.2095848377599105
0.6076271380319402	1.0454811740283154
0.6080154274734373	0.8637168576045889
0.6084854396909197	0.7681781954474782
0.6085706340540693	0.8960382210850224
0.6085728375708415	0.9469926749150919
0.6087911990677679	0.6806558688919346
0.6088119494937203	1.138552910980233
0.608833036668107	0.696662882591488
0.608886659079013	1.0552752616784737
0.6091798026114894	1.1062288723144782
0.6093100036070154	0.6644611397789375
0.6094257101004025	0.7124643951274465
0.6098357240221537	1.234087243887152
0.6100201972798758	0.9372245790904352
0.6101403021847079	0.8070377860321634
0.6101562287523233	0.8307462437067079
0.6103906132328725	1.065034804089371
0.6103987086273241	0.6480968403655014
0.6105588773317756	0.7280429960914538
0.6105978389631687	1.305599340607675
0.6106487834285206	1.3216063279139716
0.6110989122217033	1.2897946582062159
0.6111438221926816	1.1715105623018103
0.6112614486692131	1.337797777833486
0.6112653170915936	1.1952187140212245
0.611291723107675	0.8862859926156869
0.6115422283164984	0.7829157775915335
0.6115446399394868	0.8539608503165778
0.6117112816712196	0.927495715860419
0.6119573727411185	1.1159651647264162
0.6121380605711284	1.0747537018646862
0.6121417622608286	1.2742097507709462
0.6122216732994752	0.7433816660070036
0.6123976513635521	1.1482882980262077
0.6128070379338567	1.219332191268054
0.6136450338721756	0.9178121654478738
0.6137156228502079	1.2588617004695695
0.6141279089960763	1.084425881009674
0.6142557421813377	0.8766048316994162
0.6144027230489042	0.7584637915179177
0.6145089517419726	0.8210540536560631
0.6149774568814517	1.125628982685229
0.6150177474523791	0.9963033497109048
0.6150456415096088	1.005928058641025
0.6150856798541683	0.7973526063659535
0.6152304547712784	0.9866809510668838
0.6153141195100897	1.0155490627274617
0.6153166243608061	0.8442961127433395
0.6155526508487521	1.181177359873077
0.6156836305311562	0.9770668763948924
0.61580921552223	1.243767186311767
0.6158202453505643	0.9081799797565939
0.615823013663811	1.0251603491558372
0.6162255920842803	1.1579310097129083
0.6162667498374219	1.2048750661248564
0.6163589149172228	1.0940452967272123
0.6163769915119142	0.9674671341786488
0.6165379079971192	0.6869795150524904
0.6165720059284915	1.034755911184995
0.6167353995637007	0.7027909051653973
0.6168962171292093	0.670976457453133
0.6170901553021083	0.7732731801629183
0.6173101043855093	0.9578877239445528
0.6174608388596194	0.8670007887466471
0.6174787882426622	0.7183929643000766
0.6175606282083468	1.0443297519010162
0.6178196856058513	0.6547997576918728
0.6182355566700182	0.8986051785890958
0.6182381675782089	1.1352142866192634
0.618358708509144	1.3152378857770612
0.6184107630546338	1.2289424692962256
0.618464549287145	1.2994256165549944
0.6184823859867695	0.9483346325121781
0.6187576378090014	0.7337684067000549
0.6187882626466328	1.0538758879650947
0.618809770054277	1.3312385976813794
0.6188296840284897	1.1036059371956022
0.6191025940885078	0.8114736989969412
0.6191174913511528	1.2838195106143353
0.6193171152948651	0.6384677866460902
0.6193290233699158	0.834728685031256
0.6198931036778537	0.9388138302527027
0.6202017465837408	1.190730927492001
0.6202541420117871	1.0633883533529311
0.6202716164442176	0.787794074724308
0.6202933793175597	1.1674750196594148
0.6203071988448112	1.2684369139126104
0.62056099215325	0.7489003398563153
0.6208894583395843	0.8890937458844353
0.6209050100614268	0.8574798659716
0.6215080033735454	1.2144033779811312
0.6215386721796095	1.1131018273257638
0.6215413758061255	0.9293312673576236
0.6217374669933459	1.1447150860255761
0.6219573501769227	1.0728612030833016
0.622022813756655	1.2532947821799014
0.6228773884764008	0.7637722796164249
0.6234261722551585	0.9198928701200795
0.6235793293480438	0.8252645465112145
0.6237802917571071	0.8796516259784428
0.6238968226923782	1.0822885169334797
0.623934284914992	0.8020111671391501
0.624252969027236	1.2384096657334864
0.6242846169264702	0.6933031612130461
0.6244824306514032	0.6774917751273284
0.6244841863411689	1.1225270324954701
0.624586103291871	0.8480480136410903
0.6245984708287815	1.1769143631701813
0.6246377624592945	0.7089189277393066
0.62501728647959	0.9963993666015307
0.6250444560158528	1.0057740830919075
0.6250882038641479	1.2001652944898022
0.6252244689330633	0.9870269003898219
0.6252406625843785	0.6615026750182442
0.6253059605617758	1.0151451909683067
0.625473168178635	1.1541254432138022
0.625531866384922	0.7243215334727066
0.6255463150885248	0.9105045372311106
0.6256658738939833	0.977662541943077
0.6256948709132969	0.7783681648783584
0.6258016366855301	1.0245068335933478
0.6260686335897674	1.308869443640151
0.626071347450964	1.0916644031391816
0.6263312596111215	1.2932518925023142
0.6263412254986177	0.9683121436805021
0.6263580914393407	1.3246794175292729
0.6265311746056735	1.033853160245125
0.6265682178606771	0.6453541145194981
0.6269062502458017	0.8702847198887051
0.6269563982862271	0.7394938173086558
0.626985802087114	1.2237976947052993
0.6271360704806022	1.2778443630224545
0.6272501016741974	0.9589815492966424
0.6274941183847533	1.0431783297737172
0.6276643856626976	1.131875662258294
0.6279004792859672	0.9011721360931694
0.6280648859923076	0.8159096119617191
0.6283919344026976	0.9496765901092644
0.6284726354287937	1.2626640770542747
0.628473436373584	0.6290646787916434
0.62847956544549	1.1009830020767262
0.6285018179875081	0.838711126355804
0.6286898662142528	1.0524765142517154
0.6289003110070246	0.754419013705627
0.6290010045719368	0.7926723718570825
0.6291381760758881	1.1862431409627774
0.6294429364424377	1.163439477017019
0.6297660100758314	0.9404030814149701
0.6301176707907017	1.0617419026164912
0.630208968813234	1.2094745646942087
0.6302653801833669	0.8609988816266222
0.6303300046631022	1.2477278638902334
0.6304871935714935	0.8919014991531838
0.6310772826231399	1.1411418740249446
0.6311199716181004	1.1102384899251116
0.6313520539038975	0.7690807677149323
0.6313714699410313	0.9311668188548282
0.6317766397827169	1.0709687043019172
0.6320313258558214	0.6996268073736018
0.632068644173597	0.6840070928015237
0.6325401253548883	0.715046950313216
0.632649706954115	0.8294750393663659
0.6326616395629057	0.6682055923446156
0.632696722532242	1.2330521451552057
0.6327828899758157	0.8066697279123465
0.6332073106381414	0.9219735747922853
0.6333048413328766	0.8826984202574697
0.6335849445271817	0.7302501026453365
0.6336442908088109	1.1726513664672853
0.6336657363886801	1.0801511528572856
0.6337785586703907	1.3025010015032406
0.6338193204264893	0.6522404423929058
0.6338555822229359	0.8517999145388412
0.6339064128244045	1.3181202373771663
0.6339096578908738	1.195455522854748
0.6339909158008861	1.1194250823057115
0.6341979699350979	1.287078168449634
0.6342995865244855	0.7834631495937985
0.6347207442729896	1.1503198767146958
0.6351546496100515	1.2718692154305737
0.6351551587634529	0.7452192279172568
0.6352723848264852	0.9128290947056271
0.6355501328236111	0.6361301134813264
0.6355608411195941	1.2186529201143728
0.6357837799847053	1.0892835095511508
0.636351661631984	0.8735686510307632
0.6366380720127762	1.2568912401959391
0.6370271778961074	0.8203455249264968
0.6370906037471863	1.1285370378973245
0.6372396298607994	0.7599376875549388
0.637565401901916	0.9037390935972429
0.6376746126051005	0.842693567680352
0.6377303926996558	0.797550668989857
0.6378619494608577	0.619893393438486
0.6380746055680353	1.181755354433554
0.6381294468624903	1.0983600669578502
0.6385924935673157	1.1594039343746236
0.6386371955695493	1.2421609456005651
0.6389099342529225	1.2045457514072861
0.639625750305307	0.8645178972816444
0.639654857695791	0.690522410475719
0.6397780347851725	0.7059504535341576
0.639826719331394	0.7743892558134395
0.6400826165414328	0.674908509670987
0.6400849288034027	0.8947092524219323
0.6404170982529338	1.137568662024313
0.6404424882504821	0.7211749728871253
0.6407012710565912	1.1073751525244593
0.6410704229923013	0.6591267702663137
0.6411404760372479	1.2276946245769251
0.6414547342094683	1.31156105722506
0.641488483751014	1.2961325593663302
0.6416314950366394	0.811328288685543
0.6416380226694414	0.7361786718179665
0.6417200845601863	0.8336855322215174
0.6419729886341661	1.3271722163210822
0.6420646802590741	1.2809044443969537
0.642626829273638	0.6431955481710093
0.6426901107888402	1.1683883697643893
0.6427311119175997	1.190745751219694
0.642829390908646	0.8857452145364964
0.6429043021356741	0.7885581343092385
0.6431250611540009	0.855551815436592
0.6431732287395009	1.265894067838693
0.6433539192406786	0.7509446385258578
0.6434976452606034	1.1163231321159528
0.6439683203673443	1.1465143102155897
0.6441358801520742	1.2135081455234464
0.6447598170901747	0.627133519277753
0.6448035085967588	1.2511184033376033
0.6455789487145741	0.7654563614042506
0.6457970730181662	0.8768525821728214
0.6459894697999071	0.8247814378912748
0.6464597808273749	0.8024289661226316
0.646516821831675	1.125198413536355
0.6468474072226928	0.8466760090049
0.6469443864759965	1.2365940273108968
0.6470110350601825	1.1772675679043303
0.6472410712179848	0.6970377281499145
0.6474767870416158	0.6109596623414253
0.64750359351996	0.6816114269973584
0.6475247437145236	0.7122740996947133
0.6476108996926111	1.1996169381203636
0.6477420506921938	1.1553683917322282
0.6483013847588908	0.7796977439119469
0.6483215255581134	0.6660130981397214
0.6483448511460759	0.7273029954610346
0.6489861204272471	0.8680369129366666
0.6490030555945322	1.3050018770729532
0.6491984088316374	1.2897641172294199
0.6493549888685131	1.3204263974278638
0.6495842295422538	1.2223371039986446
0.6496911008117012	0.7421072409905964
0.649703525723665	0.6502609828606923
0.6497569138827277	1.1339954500236817
0.6499313905830506	1.2747307203442735
0.6504801000974632	0.8159868494587394
0.6507904621662575	0.8378960250766689
0.6511918078689504	1.2599189202468124
0.6515090177468625	0.7936531190246785
0.6515525659443255	1.1860359795846398
0.6515526797179044	0.7566700491344588
0.6516576847194917	0.6343736451170199
0.6517359307688696	1.1641253730614936
0.6523945400850657	0.8593037163343429
0.6527109191845544	1.2083633709325199
0.6529689451807414	1.2453455664792676
0.653215896461699	1.1427087437164833
0.6539182675683488	0.7709750352535623
0.65419151490749	0.6183699544873029
0.6548272847401786	0.7035530458241098
0.6549245704984872	0.6883143443237298
0.6549517617037071	0.8292173508560526
0.6551891689550942	0.8073072632554061
0.6552515773824437	1.2310271090212288
0.6552714526438748	0.718597745855269
0.6555726281239256	0.6728994260131294
0.6559474645523299	1.1727797813751069
0.6560202018402853	0.8506584503294481
0.6562472140416697	0.7334310180349439
0.6563118651322998	1.1946881248334411
0.656551376979596	1.298442696920847
0.6567369891028603	1.3136805785346457
0.6567760501863873	0.7850062320104542
0.656780222173692	0.6573264175503752
0.656891607817072	1.1513328490898327
0.6569083339122608	1.2833956750925095
0.6573119401553473	0.6022690687915915
0.6577441789539609	0.7480358101632264
0.6577981009070271	1.268556996291593
0.6580279830472597	1.216979583420364
0.6585555523488087	0.6416137709562868
0.6592103869983998	1.2539437726549316
0.6593287051582868	0.8206454102319359
0.6597514401951302	0.7623954597430598
0.6598608397723287	0.8421065179318203
0.6601137333580511	0.7987481037401185
0.6603740199710515	1.1813262079495854
0.6607817507488989	1.1598623763585976
0.6609062427733639	0.6257802466331805
0.6611343817647239	1.239572729620932
0.6612859582170345	1.2032185963415936
0.6622575864221236	0.7764937091028741
0.6623455474770144	0.6950172616501012
0.6624134982623726	0.7100683634983053
0.6628237306897377	0.6797857538865371
0.6630181615732258	0.7249213920158248
0.6635587682888908	1.2254601907315605
0.663839331771436	0.6098448960527041
0.6638569186237189	0.6643918522400583
0.6639140536075069	0.8336532638208305
0.6639185570828132	0.8121855603881807
0.6640996983646599	1.2918835167687404
0.6641189893372073	1.3069347596414276
0.6641495769372635	0.7395590406088532
0.6646182589928841	1.2770272329555992
0.6648838940444772	1.1682919948458832
0.6650128305719885	1.1897593115465184
0.6652507156138838	0.7903147201089614
0.6654534199781257	0.6488538967955537
0.6656648112310034	1.2623832722389128
0.6657972570962207	0.7539643793358564
0.6664717365522657	1.2116220628420833
0.6672289661278492	1.2479686250630508
0.6673612621515037	0.5938270441270623
0.6676209706392379	0.6331905387790582
0.6679502006723559	0.7681208703516607
0.6681773102191106	0.8253039710051324
0.6687184489692397	0.8038430884555585
0.6691954739977775	1.1766164363145313
0.6692998183487064	1.2337998927625962
0.6697665244555415	0.7017201789764727
0.6698609972495146	1.198073821750667
0.6699997117845664	0.7165836811725006
0.6700748332555497	0.6866720817599449
0.6703667233875246	0.6174207233138167
0.6705969052758982	0.7820123829521858
0.670764870502577	0.7312450381763806
0.6709336150737459	0.6714572869297413
0.6715009895715544	1.3001889407482095
0.6716480197497237	1.2853243366166338
0.6718659591953379	1.2198932724418925
0.6720519398328573	0.7456870631827626
0.6723281840735075	1.2706587908186888
0.6723512876074427	0.6560940226348206
0.6726479452105324	0.8170638575209552
0.6735315215549798	1.2562095481862325
0.6736972381105227	0.6015636718579753
0.673713796011677	1.1848304982595959
0.6737253810413805	0.7956232082074688
0.6738503352384804	0.7598929485084863
0.6743356985051119	0.6406008309249358
0.6749154900572716	1.2062645422638028
0.6752475452572986	1.24199347747117
0.6761489611495817	0.7738462809602616
0.6768941150036132	0.6249965505749291
0.6771875014340687	0.7084230963028441
0.6773231645804283	0.8089380731709985
0.6773259358213618	0.6935584096333527
0.6774652549326889	1.2280270559042605
0.6775859253067603	0.723098998846696
0.6776184725309569	0.5856388643384534
0.6780103115237728	0.6785227216194243
0.6784360362819948	1.1929290471597407
0.6785115794319281	0.7375686843369365
0.6788829898059014	1.2934431218549913
0.678936224129673	0.7875310568014976
0.6791075819668622	1.3083067564112825
0.6791963411347874	1.2787651564645273
0.6792491552367597	0.6633341484740876
0.6799543027284511	0.7518150857566719
0.6800332140695418	0.6093002995888885
0.6800381091541308	1.2642903486817785
0.680173150101785	1.2143263541522242
0.6810504263709858	0.6480111230708134
0.6813982318789562	1.250035824133552
0.6819034133807401	0.7658215176811163
0.6822000464688771	0.800931696305976
0.6832661243867479	1.2360183298792893
0.6833592435622775	1.2009070216855222
0.6834215066197018	0.6325723778360417
0.6837590730541767	0.5935314573986734
0.6843477216268075	0.7795716915688626
0.6845770383871739	0.7004447375067605
0.6846084784125959	0.7151260136292155
0.6850870079737998	0.6855881563091073
0.6851721388289542	0.7296143165208915
0.6856306915166717	1.222254219045925
0.6861470228660767	0.6705742743133545
0.6862582883612792	0.743892330497492
0.6862649900402487	1.286697302961773
0.6863186475406405	1.301378514694175
0.6863691900285607	0.6170369273198015
0.6867446625198513	1.2722059763124207
0.6872755429834477	0.7930497306508093
0.6877480342347542	1.2579219065448681
0.6877651542368598	0.6554214152166911
0.6878566656240449	0.7579431083305813
0.6880771608711063	0.5777096467715959
0.6884803410082322	1.2087594358625562
0.6892649422029326	1.2438621000808718
0.6898996735773966	0.6014240504588932
0.6899488982357904	0.6401482050971543
0.6899564915229999	0.7717500868537462
0.6912847035161974	1.2300431822874085
0.6918281409529861	0.7073310653801683
0.692029455391123	0.7218289309555869
0.6921637044238268	0.6926535909987902
0.6925464821040332	0.7852971021774636
0.6927051659875797	0.6247735550507147
0.692758352351148	0.7361296341950867
0.6930448904953936	0.6778144001526214
0.6935297131144189	1.2944502729770675
0.6936469902745956	1.2799514840685549
0.6937961281006542	1.216481382187589
0.6940049972906304	0.7502159766580478
0.6940185482830853	0.585753272547375
0.6942929839049151	1.2656467961603142
0.6944798821027338	0.6628317073625687
0.6954579593153776	1.2515534644079578
0.6957590285196387	0.7640711309044906
0.6960402741006164	0.6093166435191133
0.696476289851879	0.6477240323582668
0.6971316525269089	1.2376883760281916
0.6980095696652596	0.7776786560263762
0.698730790832185	0.5700443469293613
0.6990411419465987	0.6325101827816277
0.699079243518798	0.7142173932535761
0.6992404008738538	0.6997190256884732
0.6993032826456469	1.2240680346955277
0.6994504323696501	0.7285318482819583
0.6999427581247106	0.6850545259918884
0.6999599356950642	0.5937968983231541
0.7003445658733419	0.7426449518692821
0.7007407786881973	1.28752203125996
0.7010289905089427	1.2732056651753365
0.7011946099686077	0.6702419995084463
0.7017517062199815	0.7565396228186037
0.701841305289979	1.2590876160082076
0.7021808746238364	0.6172092365793331
0.7030036814679677	0.6552998596193793
0.7031678843960009	1.2451850222710474
0.7036613914152325	0.7701991534784
0.7044692519591911	0.5782339784164212
0.7049983628508854	1.2315146519755114
0.7053771179056176	0.640246810512541
0.7059013231070431	0.6018405240989333
0.7063170973238808	0.7067844603781561
0.7063303460846102	0.721103721126984
0.7068406257540276	0.6922946518311553
0.7068714093481773	0.7352347656083296
0.7079093378344817	0.677652291654324
0.7079307793955358	0.7491602695434776
0.7079518442619757	1.2805937895428527
0.7083214751470562	0.6251018296395532
0.7084109907432898	1.2664598462821184
0.7093896266750428	1.2525284358561013
0.7094984151493327	0.7628632689791593
0.7095310730840563	0.6628756868804919
0.7095727042422575	0.5626477553746353
0.710207713086197	0.586423609903481
0.7108778094766242	1.2388165801341373
0.7117130938646365	0.647983438243454
0.711842710519022	0.6098841498747124
0.7133937937739077	0.7138498950678391
0.7135814486504223	0.7279900490003917
0.7137384933833446	0.6995347776704223
0.7142923863267044	0.7419376829347011
0.7144620756702761	0.632994422699773
0.7146240657003557	0.6850625838002016
0.715057218605767	1.2878065519256265
0.7151046527328813	0.5709782743198804
0.715162909835754	1.2736655478257453
0.7155169929177296	0.755675587217673
0.7157929909776369	1.2597140273889003
0.7159461742132031	0.5946132413905407
0.7160584647001449	0.6704515141416044
0.7169379480601066	1.2459692557039945
0.7177840979310011	0.6179277756504915
0.7180490698236556	0.655720065974367
0.7204704902239347	0.7209153297575221
0.720596125258362	0.55552449473637
0.7206026761934959	0.640887015759993
0.7206363610126616	0.7067749035096892
0.7206366012235048	0.5793087932651254
0.7208325512162344	0.7348763768737996
0.7213387935662297	0.6924728759460792
0.7216846353402091	0.6028028728776005
0.7217133633052316	0.7486406002610724
0.7220928428377233	1.280700217310179
0.7223739754095324	1.2667373061086378
0.7225858563162335	0.6780273414027169
0.723174991211984	1.2529682084956821
0.72372548534298	0.6259714014262707
0.7243850457826746	0.6634566937052802
0.7259181038248694	0.5639906948366297
0.7261685497141286	0.5876393122103705
0.7267432767167159	0.6487796088202129
0.727423096467215	0.6109925043646603
0.7275342286419786	0.7140150293489561
0.7275471866739616	0.7279807644472052
0.7280535214321037	0.6998831680919567
0.7280836537820465	0.7417627047472073
0.7291132479323221	0.6856031686638295
0.7291284670696798	1.2735938826947315
0.7296668727549589	0.6340150272020497
0.7307210217416935	0.6711933214361934
0.7312400823913768	0.5724568949368893
0.7317004982047521	0.5959698311556155
0.731794164601191	0.5486790168205926
0.7328838772399358	0.6566722018804328
0.733161557594221	0.6191821358517201
0.7344320962712956	0.7212551551882231
0.7346238831239886	0.7350461991368882
0.7347682492979777	0.7072934602378343
0.7356082601669378	0.6420586529778289
0.7356406395484107	0.693178995924942
0.7365620609578842	0.5809230950371489
0.7369028471802159	0.5572756069763908
0.7370569977007125	0.6789299491671064
0.7372324466953759	0.6043003501008606
0.738900018721227	0.6273717673387799
0.7390244777631556	0.6645647949406528
0.7413299639006127	0.7284952810274901
0.7414829771638516	0.7147037523837119
0.7415496475789167	0.6501022787536079
0.7418840395243916	0.5893892951374086
0.7420115297592409	0.565872197132189
0.7421680311644994	0.7007548231860545
0.7427643951859996	0.6126308690461055
0.7431598238606674	0.5421155998281699
0.7433929736597314	0.6866665768980195
0.7446384798482331	0.6355613988258397
0.7451650782863755	0.6724573880008727
0.7471202123382659	0.5744687872879872
0.747206018090899	0.5978554952376682
0.7474910349908956	0.6581459045293871
0.7480520176918928	0.5508372074504906
0.7481977050297257	0.7221140445295895
0.7482963436766232	0.6209613879913506
0.748695422780588	0.7083306504471671
0.7497289496187505	0.6944032046289326
0.750376940975239	0.6437510303128995
0.7513056788095953	0.6803499810610927
0.7522288949172907	0.5830653774437855
0.7525279966574064	0.6063216953379278
0.7529442115231181	0.5595588150728111
0.7534324224028746	0.6661895303051663
0.7538282921672469	0.6292919069365956
0.7546859998697225	0.5358383456810739
0.7552228143966766	0.7159064777082796
0.7560649255777694	0.7021398323598457
0.756115402102245	0.6519406617999592
0.7573375774963157	0.5916619675995838
0.7574462793328152	0.6882425741213125
0.7578364053543435	0.5682804226951317
0.7578499752239138	0.6147878954381873
0.7593586474912516	0.5446795200490535
0.7593602406578706	0.6376224258818407
0.7593738098148535	0.6742331560809454
0.7618538632292511	0.660130293287019
0.7624009015367884	0.7098764600907588
0.7624462600753406	0.6002585577553821
0.7627285991855689	0.5770020303174523
0.7631719537904211	0.623254095538447
0.763586879856035	0.6961351671815326
0.7640312951127808	0.553520694417033
0.7648921891484942	0.6459529448270858
0.7653151972268324	0.6822767818567246
0.7663654891435437	0.529851177458813
0.7675549426543655	0.6088551479111801
0.767592324356257	0.6683199247740788
0.7676207930167943	0.5857236379397728
0.7684939323569285	0.6317202956387067
0.7687039427343099	0.5623618687850126
0.7697274803792549	0.7040277602417524
0.7704241376391179	0.6542834637723308
0.7708156703027144	0.5388063931262643
0.7712565846388113	0.6903204076325036
0.7725129868480196	0.5944452455620934
0.7726636252333905	0.6174517380669784
0.773330785483263	0.6765095562611385
0.7733765903558389	0.5712030431529922
0.7738159109234359	0.6401864957389662
0.7752658514618849	0.5477616087937155
0.7759560861297415	0.6626139827175759
0.7771979720507902	0.6983640334082828
0.777405180679245	0.603166853184414
0.7777723078124154	0.6260483282227767
0.778049237977368	0.5800442175209717
0.7781909923815187	0.5241578369466358
0.779069246610269	0.6846991877481983
0.7791378894899433	0.6486526958392258
0.7797160326210555	0.5567168244611667
0.7814880346203652	0.6709445016628208
0.7822973745104704	0.6118884608067345
0.7824159258599659	0.5332214971952713
0.7827218855988971	0.5888853918889512
0.7828809903914403	0.634644918378575
0.7841662137802261	0.5656720401286179
0.7844598680564507	0.6571188959394855
0.784807707737275	0.6928888192352581
0.7866408593384131	0.5422851574439068
0.7870199831109889	0.6792750206080659
0.7871895683416958	0.6206100684290552
0.7873945332204262	0.5977265662569307
0.7879896729704653	0.6432415085343732
0.7886163949393967	0.574627255796069
0.7897818466229581	0.6655850960397451
0.7901551190290598	0.5187618822970359
0.7908657928168604	0.5513488176925423
0.7920671808419553	0.6065677406249104
0.7920817621729213	0.6293316760513756
0.7925519316016125	0.6876055395533109
0.7930665760985673	0.5835824714635203
0.7930983555494902	0.6518380986901714
0.7941521643808872	0.5279283226342352
0.7950907262953077	0.5604124779411779
0.7951038251894655	0.6740512961400047
0.7967398284634843	0.6154089149928899
0.7969739560041466	0.6380532836736963
0.797516757257738	0.5925376871309713
0.7981492097327146	0.5370947629714344
0.7982070381285151	0.6604346888459696
0.799315659773755	0.5694761381898134
0.8004258037559728	0.6825174962402644
0.8014124760850134	0.6242500893608693
0.801866149835372	0.6467748912960168
0.8019669384169085	0.6014929027984226
0.8021462550845421	0.5462612033086338
0.802250391896462	0.5136666858060235
0.8033157207075401	0.6690312790017678
0.8035405932522022	0.5785397984384488
0.8060170510984341	0.5229301775049564
0.8060851237065426	0.6330912637288489
0.8061433004363695	0.5554276436458332
0.8064171195760791	0.6104481184658737
0.8067583436665973	0.6554964989183374
0.8077655267306495	0.5876034586870844
0.8084244032865651	0.6776278691575661
0.8097837103004063	0.5321936692038892
0.8101403457881969	0.5645940839830326
0.8107577713280716	0.6419324380968284
0.8108673007352497	0.6194033341333249
0.8116505374978227	0.664218106540658
0.8119904602090967	0.5966671189357198
0.8135503695023785	0.5414571609028221
0.8141373911400244	0.5737605243202318
0.8144692518319017	0.5088754318055493
0.8153174818944203	0.6283585498007761
0.8154304189496008	0.650773612464808
0.816215393687544	0.6057307791843554
0.8165427313290481	0.6729397141629785
0.8173170287043505	0.550720652601755
0.8180031708446274	0.5182301854854435
0.8181344364918518	0.5829269646574311
0.8197676630535908	0.6373137654682273
0.8201030665711299	0.6596147868327875
0.8204403271659912	0.614794439432991
0.8210836879063228	0.5599841443006879
0.8215370898573531	0.5275849391653378
0.8221314818436792	0.5920934049946305
0.8242178442127615	0.6462689811356784
0.8246652606444386	0.6238580996816264
0.8247757141926589	0.6684559612007671
0.8248503471082949	0.5692476359996208
0.8250710088700788	0.5369396928452321
0.8261285271955067	0.6012598453318297
0.82680406244566	0.5043911146734018
0.8286049278828045	0.5462944465251265
0.828617006310267	0.5785111276985537
0.8286680253719321	0.6552241968031296
0.8288901941228858	0.6329217599302619
0.8301030326847902	0.5138312839177179
0.8301255725473341	0.610426285669029
0.8321388468955301	0.5556492002050208
0.8323836655122392	0.5877746193974865
0.8331151276013331	0.6419854201788974
0.8331182065311027	0.6641794124705809
0.8334020029239205	0.5232714531620342
0.8341226178991615	0.6195927260062284
0.8356727659082558	0.5650039538849151
0.8361503247142114	0.5970381110964195
0.8367009731630508	0.5327116224063503
0.8373400610797803	0.6510490804275328
0.838119663250989	0.6287591663434277
0.8392066849209815	0.5743587075648093
0.8392471148826185	0.5002165369618179
0.8399169839161835	0.6063016027953523
0.8399999434021811	0.5421517916506664
0.8415649945582275	0.6601127406761684
0.8421167086028164	0.6379256066806269
0.8423090745991401	0.5097362219720689
0.8427406039337071	0.5837134612447037
0.8432989136413114	0.5515919608949826
0.8436836431181557	0.6155650944942852
0.8453710343156616	0.51925590698232
0.8461137539546438	0.6470920470178263
0.8462745229464328	0.5930682149245979
0.8465978838804417	0.5610321301392989
0.8474503023201279	0.6248285861932181
0.8484329940321832	0.5287755919925712
0.8498084419591585	0.6024229686044923
0.8498968541195719	0.5704722993836149
0.8501107993064713	0.6562584873550257
0.8512169615220999	0.634092077892151
0.8514949537487048	0.5382952770028222
0.8517906326400427	0.4963543076459789
0.8531958243587022	0.5799124686279311
0.8533423609718842	0.6117777222843865
0.8545569134652263	0.5478149620130733
0.8546136682088038	0.5059475589289126
0.8549836207240721	0.6433555695910839
0.8564947945978325	0.5893526378722472
0.8568762799846099	0.6211324759642809
0.857436703777565	0.5155408102118464
0.8576188731817478	0.5573346470233245
0.8587502799260442	0.6526190612900168
0.8597937648369628	0.5987928071165634
0.860259739346326	0.5251340614947801
0.8604101989973356	0.6304872296441751
0.8606808328982694	0.5668543320335755
0.8630827749150871	0.5347273127777139
0.8630927350760931	0.6082329763608796
0.8637427926147909	0.5763740170438265
0.8639441180100612	0.6398419833240694
0.8644267764276438	0.4928068404934862
0.8659058104838482	0.5443205640606477
0.8663917053152234	0.6176731456051956
0.8668047523313125	0.5858937020540778
0.8670091235433077	0.5024676625793245
0.8674780370227869	0.6491967370039637
0.8687288460526092	0.5539138153435814
0.8695914706589716	0.5121284846651629
0.8696906755543536	0.6271133148495118
0.8698667120478341	0.5954133870643288
0.8715518816213703	0.5635070666265151
0.8721738177746355	0.5217893067510013
0.8729286717643556	0.6049330720745798
0.8729896457934839	0.6365534840938281
0.8743749171901315	0.5731003179094488
0.8747561648902995	0.5314501288368396
0.8759906314808772	0.6144527570848309
0.8762886160326142	0.6459936533381442
0.877147649066879	0.489576352555835
0.8771979527588926	0.5826935691923825
0.8773385120059634	0.541110950922678
0.8790525911973988	0.6239724420950821
0.8794876938465575	0.49929870774524765
0.8799208591216273	0.5507717730085164
0.8800209883276536	0.5922868204753162
0.881827738626236	0.5090210629346603
0.8821145509139202	0.6334921271053331
0.8825032062372913	0.5604325950943547
0.8828440238964147	0.60188007175825
0.8841677834059145	0.518743418124073
0.8850855533529551	0.570093417180193
0.8851765106304418	0.6430118121155842
0.8856670594651758	0.6114733230411837
0.8865078281855929	0.5284657733134857
0.8876679004686191	0.5797542392660314
0.8884900950339369	0.6210665743241175
0.8888478729652715	0.5381881285028983
0.8899453004264308	0.4866648627828294
0.8902502475842831	0.5894150613518698
0.89118791774495	0.547910483692311
0.891313130602698	0.6306598256070512
0.8920415804183083	0.49644267492029925
0.8928325946999469	0.5990758834377081
0.8935279625246284	0.5576328388817237
0.8941361661714591	0.640253076889985
0.8941378604101858	0.5062204870577691
0.8954149418156109	0.6087367055235464
0.8958680073043069	0.5673551940711363
0.8962341404020633	0.5159982991952392
0.8979972889312748	0.6183975276093849
0.8982080520839855	0.577077549260549
0.8983304203939408	0.5257761113327091
0.9004267003858183	0.5355539234701789
0.9005480968636639	0.5867999044499617
0.9005796360469387	0.6280583496952232
0.9025229803776958	0.5453317356076489
0.9028117323907809	0.4840741907608044
0.9028881416433424	0.5965222596393743
0.9031619831626027	0.6377191717810615
0.9046192603695733	0.5551095477451188
0.9046629374880993	0.4939013490320272
0.9052281864230209	0.606244614828787
0.9065141425854178	0.50372850730325
0.9067155403614509	0.5648873598825888
0.9075682312026994	0.6159669700181996
0.9083653476827362	0.5135556655744729
0.9088118203533284	0.5746651720200586
0.9099082759823779	0.6256893252076123
0.9102165527800548	0.5233828238456956
0.9109081003452059	0.5844429841575285
0.9120677578773733	0.5332099821169183
0.9122483207620564	0.635411680397025
0.9130043803370834	0.5942207962949985
0.9139189629746917	0.5430371403881411
0.9151006603289609	0.6039986084324683
0.9157389038587718	0.48180595557544403
0.9157701680720102	0.5528642986593638
0.9171969403208384	0.6137764205699383
0.9173438771186047	0.4916763183263879
0.9176213731693286	0.5626914569305866
0.9189488503784375	0.5015466810773319
0.9192932203127159	0.6235542327074082
0.9194725782666471	0.5725186152018094
0.9205538236382704	0.5114170438282758
0.9213237833639655	0.5823457734730322
0.9213895003045934	0.6333320448448782
0.9221587968981034	0.5212874065792197
0.923174988461284	0.592172931744255
0.9237637701579363	0.5311577693301637
0.9250261935586024	0.6020000900154777
0.9253687434177692	0.5410281320811077
0.9268773986559209	0.6118272482867004
0.9269737166776022	0.5508984948320514
0.9285786899374351	0.5607688575829954
0.9287187357690336	0.47986157479990466
0.9287286037532394	0.6216544065579233
0.9300764741353378	0.4897689733751446
0.930183663197268	0.5706392203339394
0.9305798088505578	0.6314815648291461
0.9314342125016419	0.4996763719503845
0.9317886364571009	0.5805095830848832
0.9327919508679461	0.5095837705256244
0.9333936097169339	0.5903799458358272
0.9341496892342502	0.5194911691008643
0.9349985829767667	0.6002503085867711
0.9355074276005543	0.5293985676761043
0.9366035562365996	0.610120671337715
0.9368651659668584	0.5393059662513442
0.9382085294964326	0.619991034088659
0.9382229043331626	0.549213364826584
0.9395806426994666	0.559120763401824
0.9398135027562655	0.629861396839603
0.9409383810657708	0.5690281619770639
0.9417431161491352	0.47824226360887867
0.9422961194320749	0.5789355605523039
0.9428527710796278	0.48818050620680475
0.9436538577983791	0.5888429591275437
0.9439624260101205	0.49811874880473095
0.9450115961646831	0.5987503577027835
0.9450720809406131	0.508056991402657
0.9461817358711058	0.5179952340005831
0.9463693345309873	0.6086577562780235
0.9472913908015985	0.5279334765985093
0.9477270728972914	0.6185651548532634
0.9484010457320912	0.5378717191964355
0.9490848112635955	0.6284725534285034
0.9495107006625838	0.5478099617943615
0.9506203555930764	0.5577482043922877
0.9517300105235691	0.5676864469902138
0.9528396654540618	0.5776246895881398
0.9539493203845545	0.587562932186066
0.9548039051853	0.4769490340191497
0.9550589753150471	0.5975011747839921
0.9556647831817705	0.486911909561642
0.9561686302455398	0.6074394173819182
0.956525661178241	0.4968747851041344
0.9572782851760324	0.6173776599798444
0.9573865391747114	0.5068376606466268
0.9582474171711819	0.5168005361891193
0.9583879401065252	0.6273159025777705
0.9591082951676524	0.5267634117316116
0.9599691731641229	0.536726287274104
0.9608300511605934	0.5466891628165964
0.9616909291570638	0.5566520383590887
0.9625518071535343	0.5666149139015811
0.9634126851500048	0.5765777894440736
0.9642735631464753	0.5865406649865659
0.9651344411429457	0.5965035405290583
0.9659953191394162	0.6064664160715507
0.9668561971358867	0.616429291614043
0.9677170751323572	0.6263921671565355
0.9678929403095277	0.4759826942571148
0.9685045033512509	0.485963976271265
0.9691160663929742	0.49594525828541514
0.9697276294346975	0.5059265402995654
0.9703391924764208	0.5159078223137156
0.970950755518144	0.5258891043278657
0.9715623185598673	0.535870386342016
0.9721738816015906	0.545851668356166
0.9727854446433138	0.5558329503703163
0.9733970076850372	0.5658142323844666
0.9740085707267605	0.5757955143986168
0.9746201337684838	0.5857767964127669
0.975231696810207	0.5957580784269171
0.9758432598519303	0.6057393604410672
0.9764548228936536	0.6157206424552175
0.9770663859353769	0.6257019244693677
0.9810020413009314	0.4753438482536696
0.9813639071809137	0.4853372987631235
0.9817257730608959	0.49533074927257736
0.9820876389408782	0.5053241997820312
0.9824495048208605	0.5153176502914852
0.9828113707008427	0.5253111008009392
0.983173236580825	0.5353045513103931
0.9835351024608072	0.545298001819847
0.9838969683407895	0.5552914523293009
0.9842588342207718	0.5652849028387548
0.984620700100754	0.5752783533482086
0.9849825659807363	0.5852718038576626
0.9853444318607185	0.5952652543671165
0.9857062977407008	0.6052587048765704
0.9860681636206831	0.6152521553860244
0.9864300295006653	0.6252456058954783
0.9941230153981119	0.47503289526677084
0.9942349579619574	0.48503226869026095
0.9943469005258029	0.49503164211375106
0.9944588430896484	0.5050310155372411
0.9945707856534939	0.5150303889607312
0.9946827282173394	0.5250297623842213
0.9947946707811848	0.5350291358077114
0.9949066133450303	0.5450285092312014
0.9950185559088758	0.5550278826546915
0.9951304984727213	0.5650272560781815
0.9952424410365668	0.5750266295016717
0.9953543836004123	0.5850260029251617
0.9954663261642578	0.5950253763486517
0.9955782687281033	0.6050247497721419
0.9956902112919487	0.6150241231956319
0.9958021538557942	0.625023496619122
1.0051769017281178	0.6250357354513667
1.0053149524408675	0.6150366883967365
1.0054530031536173	0.6050376413421064
1.0055910538663673	0.5950385942874761
1.005729104579117	0.5850395472328459
1.0058671552918668	0.5750405001782157
1.0060052060046167	0.5650414531235854
1.0061432567173665	0.5550424060689552
1.0062813074301162	0.545043359014325
1.006419358142866	0.5350443119596948
1.006557408855616	0.5250452649050645
1.0066954595683657	0.5150462178504344
1.0068335102811155	0.5050471707958042
1.0069715609938652	0.4950481237411739
1.0071096117066152	0.4850490766865436
1.007247662419365	0.47505002963191345
1.0145484142053767	0.6252823147433406
1.0149363719175202	0.6152898431364964
1.0153243296296635	0.6052973715296521
1.015712287341807	0.5953048999228079
1.0161002450539502	0.5853124283159636
1.0164882027660935	0.5753199567091194
1.016876160478237	0.5653274851022752
1.0172641181903803	0.5553350134954309
1.0176520759025238	0.5453425418885867
1.018040033614667	0.5353500702817424
1.0184279913268106	0.5253575986748982
1.018815949038954	0.5153651270680539
1.0192039067510972	0.5053726554612097
1.0195918644632407	0.49538018385436544
1.019979822175384	0.4853877122475212
1.0203677798875275	0.47539524064067695
1.0239108343973287	0.6257630803910128
1.024548456647924	0.6157834292014399
1.0251860788985194	0.6058037780118668
1.025823701149115	0.5958241268222939
1.0264613233997104	0.5858444756327209
1.0270989456503057	0.5758648244431479
1.0277365679009012	0.5658851732535749
1.0283741901514967	0.5559055220640019
1.029011812402092	0.5459258708744289
1.0296494346526874	0.5359462196848559
1.030287056903283	0.525966568495283
1.0309246791538784	0.5159869173057099
1.0315623014044737	0.506007266116137
1.0321999236550692	0.496027614926564
1.0328375459056647	0.486047963736991
1.033258311096113	0.6264777319315029
1.03347516815626	0.476068312547418
1.0341451993920094	0.616517138116343
1.0350320876879058	0.6065565443011831
1.0359189759838021	0.5965959504860232
1.0368058642796985	0.5866353566708633
1.0376927525755948	0.5766747628557034
1.0385796408714911	0.5667141690405435
1.0394665291673875	0.5567535752253836
1.0403534174632838	0.5467929814102236
1.0412403057591801	0.5368323875950638
1.0421271940550767	0.5268717937799038
1.0425850024330672	0.6274258227308612
1.043014082350973	0.5169111999647439
1.043720602497949	0.6174905113370175
1.0439009706468694	0.5069506061495839
1.0447878589427657	0.49699001233442397
1.044856202562831	0.6075551999431739
1.045674747238662	0.48702941851926407
1.0459918026277126	0.59761988854933
1.0465616355345584	0.47706882470410417
1.0471274026925945	0.5876845771554864
1.0482630027574762	0.5777492657616428
1.049398602822358	0.567813954367799
1.0505342028872398	0.5578786429739553
1.0516698029521216	0.5479433315801117
1.0518850795297028	0.6286067602631997
1.0528054030170033	0.5380080201862679
1.0532686816504948	0.618702940536885
1.0539410030818852	0.5280727087924242
1.0546522837712868	0.6087991208105703
1.055076603146767	0.5181373973985806
1.056035885892079	0.5988953010842557
1.0562122032116488	0.5082020860047368
1.0573478032765307	0.4982667746108931
1.0574194880128711	0.5889914813579411
1.0584834033414123	0.48833146321704934
1.0588030901336631	0.5790876616316263
1.0596190034062942	0.4783961518232057
1.0601866922544552	0.5691838419053117
1.0611527301405645	0.6300198064810019
1.0615702943752474	0.559280022178997
1.0627834696109795	0.620153667987162
1.0629538964960394	0.5493762024526823
1.0643374986168315	0.5394723827263677
1.0644142090813946	0.6102875294933219
1.0657211007376235	0.5295685630000531
1.0660449485518095	0.600421390999482
1.0671047028584155	0.5196647432737382
1.0676756880222247	0.5905552525056421
1.0684883049792078	0.5097609235474236
1.0693064274926398	0.5806891140118021
1.0698719070999998	0.49985710382110893
1.0703821622856955	0.6316640782763783
1.0709371669630547	0.5708229755179621
1.0712555092207918	0.4899532840947942
1.0722590199466475	0.621841787030415
1.0725679064334699	0.5609568370241222
1.0726391113415839	0.4800494643684796
1.0741358776075993	0.6120194957844518
1.0741986459038848	0.5510906985302823
1.0758293853743	0.5412245600364424
1.0760127352685513	0.6021972045384885
1.077460124844715	0.5313584215426024
1.0778895929295031	0.5923749132925253
1.07909086431513	0.5214922830487625
1.0795676078704362	0.63353854803298
1.079766450590455	0.582552622046562
1.0807216037855452	0.5116261445549225
1.081643308251407	0.5727303308005989
1.0816894107469812	0.6237662426471928
1.08235234325596	0.5017600060610825
1.0835201659123588	0.5629080395546355
1.083811213623526	0.6139939372614056
1.0839830827263752	0.4918938675672425
1.0853970235733106	0.5530857483086723
1.0856138221967904	0.48202772907340263
1.0859330165000711	0.6042216318756184
1.0872738812342626	0.5432634570627091
1.088054819376616	0.5944493264898312
1.088703326290295	0.6356420442682259
1.0891507388952144	0.5334411658167458
1.090176622253161	0.584677021104044
1.0910275965561662	0.5236188745707826
1.091068748324703	0.6259258321153787
1.0922984251297059	0.5749047157182567
1.0929044542171182	0.5137965833248193
1.0934341703591108	0.6162096199625313
1.094420228006251	0.5651324103324695
1.09478131187807	0.5039742920788561
1.0957995923935187	0.606493407809684
1.0965420308827958	0.5553601049466823
1.096658169539022	0.4941520008328928
1.097783608018641	0.6379732523654409
1.0981650144279265	0.5967771956568366
1.0985350271999739	0.48432970958692956
1.0986638337593408	0.5455877995608952
1.1003911708991378	0.6283192057618525
1.1005304364623345	0.5870609835039894
1.1007856366358857	0.5358154941751081
1.1028958584967423	0.577344771351142
1.1029074395124308	0.5260431887893209
1.102998733779635	0.6186651591582644
1.1050292423889756	0.5162708834035337
1.1052612805311501	0.5676285591982948
1.105606296660132	0.609011112554676
1.1068027781749687	0.640530715395448
1.1071510452655207	0.5064985780177464
1.107626702565558	0.5579123470454475
1.1082138595406292	0.5993570659510878
1.1092728481420657	0.49672627263195923
1.1096508522596347	0.6309448678059932
1.109992124599966	0.5481961348926001
1.1108214224211264	0.5897030193474997
1.1113946510186106	0.486953967246172
1.1123575466343738	0.5384799227397529
1.1124989263443004	0.6213590202165385
1.1134289853016233	0.5800489727439113
1.1147229686687816	0.5287637105869055
1.1153470004289663	0.6117731726270839
1.1157552000715178	0.6433128350271027
1.1160365481821204	0.5703949261403232
1.1170883907031894	0.5190474984340583
1.1181950745136322	0.6021873250376291
1.1186441110626175	0.5607408795367348
1.1188420054067583	0.633801177294492
1.1194538127375975	0.5093312862812109
1.121043148598298	0.5926014774481745
1.1212516739431146	0.5510868329331466
1.1218192347720053	0.4996150741283636
1.121928810741999	0.6242895195618814
1.1238592368236118	0.5414327863295585
1.1238912226829638	0.5830156298587197
1.124184656806413	0.48989886197551624
1.1246352787360163	0.6463178725261969
1.1250156160772393	0.6147778618292709
1.126466799704109	0.5317787397259701
1.1267392967676297	0.5734297822692649
1.1279588861689769	0.6368863491268955
1.1281024214124797	0.6052662040966603
1.129074362584606	0.522124693122382
1.1295873708522954	0.5638439346798102
1.1311892267477202	0.5957545463640497
1.1312824936019372	0.627454825727594
1.131681925465103	0.5124706465187936
1.1324354449369614	0.5542580870903555
1.1334374644083582	0.6495439498421121
1.1342760320829608	0.586242888631439
1.1342894883456	0.5028165999152054
1.1346061010348978	0.6180233023282926
1.135283519021627	0.5446722395009008
1.1368970512260972	0.4931625533116172
1.1369957967925812	0.640198455171235
1.1373628374182012	0.5767312308988285
1.1379297084678581	0.6085917789289912
1.138131593106293	0.5350863919114461
1.1404496427534416	0.567219573166218
1.1405541291768042	0.6308529605003579
1.1409796671909587	0.5255005443219913
1.1412533159008187	0.5991602555296898
1.1421562560090224	0.652989050781539
1.1435364480886823	0.5577079154336073
1.1438277412756246	0.5159146967325366
1.144112461561027	0.6215074658294809
1.144576923333779	0.5897287321303883
1.1459470895025963	0.6437354254690467
1.1466232534239227	0.5481962577009967
1.1466758153602905	0.506328849143082
1.14767079394525	0.6121619711586039
1.1479005307667394	0.5802972087310869
1.1495238894449562	0.49674300155362716
1.149710058759163	0.5386845999683861
1.1497379229961702	0.6344818001565544
1.1507862045770665	0.6566510222685336
1.1512241381997	0.5708656853317855
1.1512291263294727	0.6028164764877268
1.1527968640944035	0.5291729422357756
1.153528756489744	0.6252281748440621
1.1545477456326603	0.5614341619324842
1.1547874587136957	0.59347098181685
1.1548071700324551	0.6474950495290278
1.1558836694296442	0.519661284503165
1.157319589983318	0.6159745495315698
1.1578713530656208	0.5520026385331828
1.1583457910979185	0.5841254871459729
1.1588281354878434	0.6383390767895221
1.1589704747648846	0.5101496267705543
1.159321916675553	0.6605275756901186
1.161110423476892	0.6067209242190776
1.1611949604985812	0.5425711151338813
1.1619041234821414	0.5747799924750958
1.162057280100125	0.5006379690379437
1.162849100943232	0.6291831040500162
1.1635705011202344	0.6514749777085218
1.1645185679315415	0.5331395917345799
1.164901256970466	0.5974672989065852
1.1654624558663644	0.565434497804219
1.1668700663986202	0.6200271313105106
1.1677580577622693	0.6646162883265927
1.1678190855649158	0.6424223797269248
1.167842175364502	0.5237080683352785
1.1686920904640399	0.5882136735940929
1.1690207882505872	0.5560890031333419
1.170891031854009	0.6108711585710047
1.1711657827974624	0.5142765449359771
1.1720676700095973	0.6333697817453281
1.172231605969263	0.6556727226819685
1.1724829239576138	0.5789600482816006
1.1725791206348102	0.5467435084624648
1.174489390230423	0.5048450215366757
1.1749119973093973	0.601715185831499
1.1760893555236445	0.6689146048656517
1.176137453019033	0.5373980137915878
1.1762737574511877	0.5697064229691085
1.1763162544542787	0.6243171837637314
1.1767051541762568	0.6467291570373443
1.1789329627647858	0.5925592130919932
1.179695785403256	0.5280525191207108
1.1800645909447616	0.560452797656616
1.18056483889896	0.6152645857821344
1.1807850716709416	0.6600856609954024
1.1811787023832507	0.6377855913927202
1.1829539282201742	0.5834032403524874
1.1832541177874787	0.5187070244498337
1.1838554244383355	0.5511991723441239
1.1843106031697737	0.6734198389993749
1.1848134233436416	0.6062119878005376
1.1854807878182387	0.6512567171251531
1.1856522505902445	0.628842025748096
1.1868124501717017	0.5093615297789568
1.1869748936755626	0.5742472676129817
1.1876462579319096	0.5419455470316314
1.189062007788323	0.5971593898189407
1.1892255525876343	0.6647110347060249
1.1901257987972385	0.6198984601034718
1.190176503965536	0.6424277732549037
1.190995859130951	0.5650912948734759
1.1914370914254835	0.5326919217191393
1.192416662688491	0.6781291751030804
1.1933105922330043	0.5881067918373439
1.194140502005495	0.6560022304126749
1.1945993470042322	0.6109548944588477
1.1948722201128332	0.6335988293846546
1.1950168245863395	0.5559353221339701
1.1952279249190574	0.5234382964066469
1.1975477736935174	0.6695459531058292
1.1975591766776856	0.5790541938557471
1.1990187584126313	0.5141846710941547
1.199037790041728	0.5467793493944644
1.1990554514233556	0.6472934261193248
1.1990728952112262	0.6020113288142235
1.1995679362601304	0.6247698855144053
1.2004024680564607	0.6830396699949988
1.2018077611223672	0.5700015958741502
1.2026788846985437	0.660962731108578
1.2030587554971164	0.5376233766549585
1.20354644341822	0.5930677631695992
1.2039704008412162	0.6385846218259749
1.2042636524074275	0.6159409416441559
1.2057465338712996	0.6745873945281987
1.2060563455670485	0.5609489978925535
1.2070797209525048	0.5284674039154528
1.2078099957035702	0.6523795091113267
1.2080199916252137	0.5841241975249751
1.2082630284052767	0.688148254775666
1.2088853502590768	0.6298758175326249
1.2089593685547246	0.6071119977739067
1.21030493001173	0.5518963999109565
1.2110905996861385	0.6661351190613987
1.2111006864078933	0.519311431175947
1.2124935398322076	0.5751806318803508
1.2129411067085967	0.6437962871140755
1.213655084702022	0.5982830539036574
1.2138002996769375	0.6211670132392748
1.2138167091627508	0.6798322082363504
1.2145535144564115	0.5428438019293598
1.2159934311405936	0.6934517367458859
1.2164346655009775	0.6576828435945986
1.2169670880392014	0.5662370662357267
1.218072217713623	0.6352130651168244
1.2183508008493191	0.5894541100334081
1.2187152490947981	0.6124582089459248
1.2188020989010928	0.5337912039477628
1.2193703899202246	0.6715161616970349
1.2214406362461954	0.5572935005911024
1.2217532559710094	0.6852771163924428
1.2217787313158164	0.6492305681277986
1.2230465169966163	0.5806251661631588
1.2230506833457742	0.5247386059661661
1.2232033287186495	0.6266298431195731
1.2235888450123378	0.6989468014020631
1.2236301985126588	0.6037494046525749
1.2249240706776987	0.6632001151577193
1.2259141844531891	0.5483499349464782
1.2271227971306553	0.6407782926609986
1.2275130808014252	0.6771024960389997
1.2277422331439134	0.5717962222929096
1.228334439723676	0.618046621122322
1.2285451479305194	0.5950406003592249
1.2295512142126666	0.6909187161061181
1.230387732660183	0.539406369301854
1.2304777514351728	0.6548840686184036
1.23104452313408	0.7046300145076594
1.2324379492912105	0.5629672784226603
1.2324668629454942	0.6323260171941986
1.233272905631841	0.6689278756855568
1.23346009734838	0.5863317960658749
1.2334655507287022	0.6094633991250709
1.2348612808671768	0.5304628036572299
1.2355135834129958	0.6828906308101731
1.2360314321926469	0.6465680220790881
1.237133665438508	0.5541383345524109
1.2372057104176557	0.6967534815611969
1.2378109287603332	0.6238737417273985
1.2383558059496877	0.7104978242394803
1.2383750467662407	0.5776229917725249
1.2385966617337287	0.6008801771278196
1.2390327304622568	0.6607532553321138
1.2414759526133248	0.6748625455142281
1.241585112950121	0.6382519755397725
1.241829381585805	0.5453093906821616
1.243154994575172	0.6154214662605985
1.2432899961841013	0.5689141874791748
1.243366897701231	0.6888769486147346
1.243727772738755	0.5922969551305683
1.2447119607750126	0.7027777662191997
1.2447925552926726	0.6525786349786706
1.2455181241453928	0.7165465634074486
1.2465250977331022	0.5364804468119123
1.2471387937075948	0.6299359290004569
1.2474383218136538	0.6668344602182832
1.248204945601962	0.5602053831858249
1.248499060390011	0.6069691907937984
1.2488588837437815	0.5837137331333172
1.2495280849848065	0.6810004156682721
1.2505523801230884	0.6444040146252277
1.2510681156003376	0.6950577081989192
1.2520652741226033	0.7089878050983139
1.252527001505467	0.7227724517464797
1.252692474465069	0.6216198824611414
1.2531198950198226	0.5514965788924748
1.2534006910139825	0.6588063749223382
1.25384312620485	0.5985169153269985
1.253989994748808	0.5751305111360661
1.255689272268382	0.6731238827218098
1.2563122049535045	0.6362293942717846
1.2574242704256626	0.6873376501786387
1.2580348444376832	0.5427877745991248
1.258246155222543	0.6133038359218259
1.2586124240998138	0.7014290467891793
1.2591211057538345	0.5665472891388148
1.2591871920196889	0.5900646398601984
1.259261054878946	0.7153797171263858
1.2593630602143118	0.6507782896263932
1.2618504595519575	0.6652473497753473
1.2620720297839203	0.6280547739183415
1.2637804252509877	0.6796175921583583
1.263799835980017	0.6049877893825103
1.2642522167588608	0.5579640671415637
1.264531257834528	0.5816123643933984
1.2651595740770243	0.6938702884800445
1.2653254294146408	0.6427502043304482
1.2659951082524252	0.707986982506292
1.2662948059153014	0.7219495075664639
1.2678318546143361	0.6198801535648986
1.268011646835533	0.6573708168288849
1.2693535167374912	0.5966717428431947
1.2693833277638873	0.5493808451443125
1.269875323649367	0.5731600889265983
1.2701365800763127	0.6718975341380777
1.2712877986149698	0.6347221190345032
1.2717067240542346	0.68631153017091
1.2727291616259042	0.7005942478861982
1.27316213136623	0.7286930705133786
1.2732115541208937	0.7147274168539045
1.273591679444752	0.6117055332114555
1.2741728341191085	0.6494942838824225
1.274907197494965	0.5883556963038792
1.2752193894642059	0.5647078134597983
1.2764927349016375	0.6641774761177972
1.2772501678152985	0.6266940337385583
1.278253874031445	0.6787527718617752
1.2793515042751678	0.6035309128580124
1.2794632149993834	0.6932015132661042
1.280128302326486	0.7075053261413451
1.2802572516614568	0.7216461372799599
1.280334021402684	0.64161775093596
1.2804608782524391	0.5800396497645635
1.2805634552790448	0.5562555379929983
1.2828488897269628	0.6564574180975167
1.2832125370156278	0.6186659484426132
1.2848010240086556	0.6711940135526404
1.2851113291055836	0.5953562925045695
1.2860145590099132	0.571723603225248
1.2861972683728626	0.6858087786460104
1.2864952086862593	0.6337412179894977
1.287045050532078	0.7002832354287858
1.2873523719566835	0.7145992040465411
1.2891749062159568	0.6106378631466682
1.2892050445522876	0.6487373600772361
1.2908711539359994	0.5871816721511263
1.291348173985866	0.6636352552435058
1.2915682397673873	0.5634075566859323
1.2926563959698347	0.6258646850430352
1.2929313217463416	0.6784160440259166
1.2939617987376704	0.6930611447162264
1.2951372754162858	0.6026097778507233
1.2955611993776126	0.6410173020569556
1.2966309787664152	0.5790070517976833
1.2978953239630766	0.6560764969343711
1.2988175832534103	0.6179881520965729
1.2996653751198208	0.6710233094058227
1.3008785469432627	0.685839054003667
1.3010996446166148	0.5945816925547782
1.3019173542029376	0.6332972440366751
1.302390803596831	0.5708324314442402
1.304442473940287	0.6485177386252363
1.3049787705369857	0.6101116191501104
1.3063994284932998	0.6636305747857287
1.3070620138169438	0.5865536072588333
1.307795295148855	0.6786169632911077
1.3082735090282627	0.6255771860163946
1.3109896239174974	0.6409589803161017
1.3111399578205614	0.602235086203648
1.3130243830172728	0.5785255219628883
1.313133481866779	0.656237840165635
1.3146296638535877	0.617857127996114
1.3173011451041368	0.5943585532571856
1.317536773894708	0.633400222006967
1.3198675352402582	0.6488451055455411
1.3209858186789127	0.6101370699758335
1.3234623323877122	0.586482020310723
1.3240839238719184	0.6258414636978322
1.3266015886137372	0.6414523709254472
1.3273419735042378	0.602417011955553
1.330631073849129	0.6182827053886976
1.3336981283295626	0.5946969539352724
1.3371782238263394	0.6107239470795629
1.34372537380355	0.6031651887704281