2.997999999999625e-6	-1.4989999999999374e-12	-0.0009995000000000002	1011.676368107058
0.000011983999999976031	-2.396799999998402e-11	-0.001998	1010.5840169073416
0.000026945999999727173	-1.2125699999959078e-10	-0.0029955000000000003	1009.4389400079372
0.000047871999998468095	-3.829759999959149e-10	-0.003992	1008.2414591684895
0.00007474999999416018	-9.343749999756675e-10	-0.004987500000000001	1006.9919165364989
0.00010756799998257398	-1.9362239998954437e-9	-0.005982	1005.6906744242955
0.00014631399995608754	-3.5846929996413825e-9	-0.006975500000000001	1004.3381150664005
0.00019097599990222026	-6.111231998957015e-9	-0.007968	1002.9346400961786
0.00024154199980190545	-9.782450997325728e-9	-0.008959500000000002	1001.4806648802853
0.00029799999962750004	-1.489999999379167e-8	-0.00995	999.976618619705
0.0003603379993405364	-2.1800448986700813e-8	-0.0109395	998.4229490350889
0.00042854399888921394	-3.0855167973341135e-8	-0.011928	996.8201222195289
0.000502605998205634	-4.247020694945871e-8	-0.012915500000000002	995.1686222933677
0.0005825119972027775	-5.708617590862407e-8	-0.013902	993.4689510427685
0.0006682499957712304	-7.517812484142114e-8	-0.0148875	991.7216275282238
0.0007598079937756528	-9.725542373442784e-8	-0.015872	989.9271842006759
0.0008571739910509965	-1.2386164256895634e-7	-0.016855500000000002	988.086161968922
0.0009603359873984712	-1.555744313195175e-7	-0.017838000000000003	986.1991166521418
0.0010692819825812627	-1.9300539995197262e-7	-0.0188195	984.266619660352
0.0011839999763200001	-2.3679999842133335e-7	-0.0198	982.2892575554048
0.001304477968287977	-2.876373966691664e-7	-0.020779500000000003	980.2676316003246
0.0014307039581061257	-3.4623036462056074e-7	-0.021758	978.2023572977038
0.0015626659453377482	-4.133251521806114e-7	-0.022735500000000002	976.094062136925
0.0017003519294830024	-4.897013692303682e-7	-0.023712	973.943378006396
0.0018437499099731457	-5.761718656222029e-7	-0.0246875	971.7509468025673
0.0019928478861645383	-6.735826111745383e-7	-0.025662	969.5174226904911
0.0021476338573324064	-7.828125756658871e-7	-0.0266355	967.2434716065916
0.0023080958226643707	-9.047736088281445e-7	-0.027608	964.9297707541837
0.0024742217812537275	-1.040410320339064e-6	-0.028579500000000004	962.5770080933006
0.0026459997320925047	-1.1906999598138753e-6	-0.02955	960.185881121521
0.002823417674064279	-1.3566522967959616e-6	-0.0305195	957.7570891213744
0.003006463605936759	-1.5393095007465397e-6	-0.031488	955.2913355625597
0.003195125526354135	-1.739746021033275e-6	-0.032455500000000005	952.7893325005213
0.0033893914338291977	-1.959068466917758e-6	-0.033422	950.2518001341859
0.0035892493267352366	-2.198415487541776e-6	-0.0343875	947.6794662845298
0.003794687203297694	-2.4589576519123005e-6	-0.035352	945.0730658726022
0.004005693061585602	-2.741897328885111e-6	-0.0363155	942.4333402318549
0.0042222548995027994	-3.048468567147002e-6	-0.037278	939.7610309752314
0.004444360714778903	-3.3799369751964456e-6	-0.0382395	937.0568781531526
0.00467199850496008	-3.73759960132268e-6	-0.0392	934.3216264117237
0.004905156267399581	-4.122784813583105e-6	-0.0401595	931.5560249178719
0.005143821999248059	-4.5368521797789145e-6	-0.041118	928.760826855082
0.0053879836974436756	-4.981192347428875e-6	-0.0420755	925.9367889231065
0.005637629358701961	-5.457226923741139e-6	-0.043031999999999994	923.0846708344178
0.005892746979505511	-5.966408355583075e-6	-0.0439875	920.205231520664
0.0061533245560934	-6.510219809448892e-6	-0.044941999999999996	917.2992237446894
0.00641935008445043	-7.0901750514251095e-6	-0.0458955	914.3674006216962
0.006690811560296152	-7.707818327153647e-6	-0.046848	911.4105163911756
0.006967696979073672	-8.364724241792553e-6	-0.0477995	908.4293259579736
0.007249994335938238	-9.062497639974146e-6	-0.04875	905.4245844408446
0.0075376916257456445	-9.802773485760585e-6	-0.04969950000000001	902.3970467289128
0.007830776843040394	-0.000010587216742596678	-0.050648000000000006	899.3474655943659
0.00812923798204368	-0.000011417522253259869	-0.0515955	896.2765849955574
0.008433063036641155	-0.000012295414619807292	-0.052542	893.1851449189742
0.00874224000037048	-0.000013222648083519733	-0.0534875	890.073883477291
0.0090567568664087	-0.000014201006404842472	-0.054432	886.943536514578
0.009376601627559376	-0.000015232302743322813	-0.0553755	883.7948372227605
0.009701762276239574	-0.000016318379537544265	-0.056318	880.6285157681451
0.010032226804466594	-0.000017461108385057153	-0.057259500000000005	877.4452984793285
0.010367983203844534	-0.00001866238992230563	-0.058199999999999995	874.2459020766081
0.010709019465550671	-0.000019924153704551014	-0.0591395	871.0310352082215
0.011055323580321592	-0.000021248358085791085	-0.060078	867.8014020872505
0.011406883538439204	-0.000022636990098675584	-0.0610155	864.5577022454991
0.011763687329716475	-0.00002409206533441742	-0.061952	861.3006302284984
0.012125722943483052	-0.00002561562782269982	-0.0628875	858.0308753015527
0.012492978368570634	-0.000027209749911578886	-0.063822	854.7491211937627
0.012865441593298195	-0.00002887653214738187	-0.06475550000000001	851.4560434268426
0.013243100605456987	-0.00003061810315460066	-0.065688	848.1523050120876
0.01362594339229539	-0.00003243661951578061	-0.06661950000000001	844.8385617510378
0.014013957940503542	-0.00003433426565140436	-0.06755	841.5154629225551
0.0144071322361978	-0.00003631325369977073	-0.06847950000000001	838.1836510594859
0.014805454264905035	-0.00003837582339686834	-0.06940800000000001	834.843761736328
0.015208912011546711	-0.00004052424195624405	-0.0703355	831.4964233678428
0.01561749346042282	-0.000042760803948865864	-0.07126199999999999	828.1422570185381
0.016031186595195604	-0.00004508783118298021	-0.0721875	824.7818760137163
0.016449979398873105	-0.000047507672583963476	-0.073112	821.4158814423819
0.016873859853792587	-0.00005002270407416791	-0.0740355	818.0448627212049
0.017302815941603687	-0.00005263532845276109	-0.074958	814.6694012693642
0.017736835643251504	-0.000055347975275559616	-0.0758795	811.290070428699
0.018175906938959412	-0.000058163100734856165	-0.0768	807.9074353388801
0.01862001780821179	-0.00006108318753924029	-0.07771950000000001	804.5220528224494
0.019069156229736494	-0.00006411074479341254	-0.078638	801.1344712795603
0.019523310181487247	-0.00006724830787799171	-0.0795555	797.7452305922337
0.0199824676406258	-0.00007049843832931527	-0.080472	794.3548616859242
0.020446616583503944	-0.0000738637237192328	-0.0813875	790.9638827410197
0.020915744985645364	-0.00007734677753489185	-0.082302	787.5728013975357
0.02138984082172732	-0.00008095023905851677	-0.08321550000000001	784.1821166349089
0.021868892065562178	-0.00008467677324717983	-0.084128	780.7923186265903
0.022352886690078767	-0.00008852907061256464	-0.0850395	777.4038886989712
0.022841812667303556	-0.00009250984710072152	-0.08595	774.0172992983163
0.023335657968341743	-0.00009662184397181524	-0.08685949999999999	770.6330139654671
0.023834410563358072	-0.00010086782767986403	-0.087768	767.2514870994481
0.024338058421557642	-0.00010525058975247085	-0.0886755	763.8731617131376
0.024846589511166382	-0.00010977294667054535	-0.089582	760.4984704446961
0.025359991799411556	-0.00011443773974801794	-0.0904875	757.1278370263326
0.025878253252501975	-0.00011924783501154433	-0.091392	753.7616763082298
0.026401361835608133	-0.0001242061230802015	-0.0922955	750.4003942761034
0.026929305512842144	-0.00012931551904517402	-0.093198	747.0443880748692
0.027462072247237592	-0.00013457896234943145	-0.0940995	743.694046038185
0.02799965000072917	-0.00013999941666739587	-0.095	740.3497474956844
0.02854202673413221	-0.0001455798697845998	-0.09589950000000001	737.0118612575795
0.02908919040712205	-0.00015132333347733402	-0.09679800000000001	733.680746679521
0.029641128978213277	-0.0001572328433922859	-0.0976955	730.3567545089127
0.03019783040473881	-0.0001633114589261665	-0.098592	727.0402269402663
0.03075928264282882	-0.00016956226310532805	-0.09948749999999999	723.7314976757965
0.0313254736473896	-0.00017598836246537095	-0.100382	720.4308919902863
0.031896391372082174	-0.00018259288693073876	-0.1012755	717.1387267999999
0.032472023769300834	-0.00018937898969430367	-0.102168	713.8553105306214
0.03305235879015155	-0.00019634984709693992	-0.1030595	710.5809422755284
0.03363738438443025	-0.00020350865850708627	-0.10395	707.3159126701855
0.034227088500600904	-0.00021085864620029672	-0.1048395	704.0605043252472
0.034821459085773505	-0.00021840305523877955	-0.105728	700.8149919106954
0.035420484085682005	-0.0002261451533509248	-0.1066155	697.5796422450572
0.03602415144466195	-0.0002340882308108192	-0.107502	694.3547143872588
0.03663244910562818	-0.00024223560031774917	-0.10838750000000001	691.1404597309286
0.03724536501005221	-0.0002505905968756912	-0.109272	687.9371219544212
0.037862887097939654	-0.00025915657767278956	-0.1101555	684.7449367375436
0.0384850033078074	-0.0002679369219608214	-0.111038	681.5641323121807
0.03911170157666073	-0.0002769350309346486	-0.1119195	678.3949296535433
0.0397429698399703	-0.0002861543276116564	-0.11279999999999998	675.237542583479
0.040378796031649004	-0.0002955982567111793	-0.1136795	672.0921778760288
0.041019168084028675	-0.00030527028453391174	-0.11455800000000001	668.9590353642816
0.04166407392783674	-0.0003151738988413071	-0.1154355	665.8383080483777
0.04231350149217271	-0.00032531260873496084	-0.116312	662.7301821500145
0.04296743870448455	-0.000335689944535981	-0.1171875	659.6348372349239
0.043625873490544996	-0.0003463094576643431	-0.11806200000000001	656.5524464049266
0.044288793774427626	-0.00035717472051823083	-0.1189355	653.4831763704939
0.04495618747848297	-0.0003682893263533628	-0.119808	650.427187562487
0.045628042523314497	-0.0003796568891623035	-0.12067950000000001	647.384634244294
0.04630434682775426	-0.0003912810435537585	-0.12155	644.3556646242337
0.04698508830883879	-0.0004031654446318559	-0.1224195	641.3404209680023
0.047670254881784606	-0.0004153137678754109	-0.123288	638.3390397786192
0.04835983445996379	-0.0004277297090171757	-0.1241555	635.3516521550305
0.049053814954879274	-0.0004404169839230719	-0.12502200000000002	632.3783836685524
0.049752184276140234	-0.00045337932847140823	-0.1258875	629.4193543912212
0.05045493033143726	-0.0004666204984320819	-0.126752	626.4746790076346
0.05116204102651742	-0.00048014426934576173	-0.12761550000000002	623.5444669264023
0.05187350426515925	-0.000493954436403056	-0.128478	620.6288223911287
0.052589307949147686	-0.0005080548143236639	-0.12933950000000002	617.7278445912636
0.053309439978248815	-0.0005224492372355075	-0.1302	614.8416279801783
0.05403388825018461	-0.0005371415585538492	-0.13105950000000002	611.9702627106202
0.05476264066060754	-0.0005521356508603888	-0.131918	609.1138342820584
0.05549568510307502	-0.0005674354057823448	-0.13277550000000002	606.2724235617001
0.056233009469023876	-0.0005830447338715172	-0.133632	603.4461068911218
0.056974601647744726	-0.0005989675644833313	-0.13448749999999998	600.634956191993
0.05772044952635615	-0.0006152078456558659	-0.135342	597.8390390708425
0.0584705409897788	-0.000631769543988857	-0.1361955	595.0584189263868
0.059224863920709615	-0.0006486566445226903	-0.137048	592.293155402514
0.059983406199595656	-0.0006658731506173683	-0.13789949999999998	589.5433047777236
0.060746155704608056	-0.000683423083831462	-0.13875	586.8089194770262
0.06151310031161585	-0.0007013104838010413	-0.1395995	584.0900481008825
0.062284227894159695	-0.0007195394081185878	-0.140448	581.3867355232101
0.06305952632342547	-0.0007381139322118836	-0.1412955	578.699022988167
0.06383898346821797	-0.0007570381492228861	-0.14214200000000002	576.0269482056898
0.06462258719493419	-0.000776316169886576	-0.1429875	573.3705454567025
0.06541032536753702	-0.0007959521224097911	-0.14383200000000002	570.729846161991
0.0662021858475283	-0.0008159501523500342	-0.14467549999999998	568.104879146887
0.06699815649392231	-0.0008363144224942636	-0.145518	565.4956701002995
0.06779822516321883	-0.0008570491127376604	-0.1463595	562.9022416142278
0.06860237970937633	-0.000878158419962376	-0.1472	560.3246132711864
0.06941060798378498	-0.0008996465579162573	-0.1480395	557.7628017302526
0.07022289783523962	-0.0009215177570915491	-0.148878	555.2168208117192
0.07103923710991276	-0.0009437762646035788	-0.1497155	552.6866816049788
0.07185961365132736	-0.0009664263440694121	-0.15055200000000002	550.172393127815
0.07268401530032957	-0.0009894722754864931	-0.1513875	547.6739624125659
0.07351242989506158	-0.0010129183551112586	-0.15222200000000002	545.1913939828636
0.07434484527093413	-0.0010367688953377271	-0.1530555	542.7246899024228
0.07518124926059921	-0.0010610282245760725	-0.15388800000000002	540.2738498510049
0.07602162969392255	-0.0010857006871311662	-0.1547195	537.8388711989461
0.07686597439795613	-0.0011107906430811003	-0.15555000000000002	535.4197490802553
0.07771427119691046	-0.0011363024681556862	-0.1563795	533.0164765034222
0.07856650791212724	-0.0011622405536149316	-0.15720800000000001	530.6290450531366
0.07942267236205128	-0.0011886093061274875	-0.15803550000000002	528.2574448381382
0.0802827523622031	-0.0012154131476490783	-0.15886200000000003	525.9016640019242
0.08114673572515091	-0.0012426565153009028	-0.1596875	523.5616887706567
0.08201461026048282	-0.0012703438612480101	-0.160512	521.2375035175048
0.08288636377477898	-0.0012984796525776564	-0.1613355	518.9290908255732
0.08376198407158367	-0.0013270683711776293	-0.162158	516.6364315494264
0.08464145895137706	-0.0013561145136145487	-0.1629795	514.3595048746754
0.08552477621154748	-0.0013856225910121485	-0.1638	512.0982889926895
0.08641192364636312	-0.0014155971289295244	-0.1646195	509.8527612367489
0.08730288904694403	-0.0014460426672393604	-0.165438	507.62289744347
0.08819766020123382	-0.0014769637600061257	-0.1662555	505.40867197979554
0.08909622489397157	-0.001508364975364252	-0.167072	503.2100577960152
0.08999857090666345	-0.0015402508953962753	-0.1678875	501.0270264774362
0.09090468601755461	-0.0015726261160109584	-0.168702	498.85954829471143
0.09181455800160054	-0.0016054952468213804	-0.16951549999999999	496.7075922528376
0.0927281746304391	-0.001638862911023007	-0.170328	494.57112614036413
0.0936455236723618	-0.001672733745271724	-0.1711395	492.45011697654763
0.0945665928922855	-0.0017071123995618493	-0.17195000000000002	490.34453154205937
0.09549137005172394	-0.0017420035371041173	-0.1727595	488.25433562368323
0.09641984290875924	-0.0017774118342036315	-0.173568	486.1794939363067
0.09735199921801332	-0.001813341980137793	-0.1743755	484.11997016391877
0.09828782673061943	-0.001849798677034196	-0.175182	482.07572699935423
0.09922731319419349	-0.0018867866397485002	-0.1759875	480.0467261827985
0.1001704463528056	-0.001924310595742271	-0.176792	478.03292853906225
0.10111721394695115	-0.00196237528496079	-0.1775955	476.0342940136431
0.10206760371352255	-0.0020009854597108382	-0.178398	474.05078182860603
0.10302160338578023	-0.0020401458845384518	-0.1791995	472.08235122686597
0.10397920069332411	-0.0020798613361066413	-0.18000000000000002	470.1289608599394
0.10494038336206475	-0.002120136603073087	-0.1807995	468.19056858891133
0.1059051391141948	-0.002160976485967807	-0.181598	466.26713153004357
0.10687345566816008	-0.002202385797070782	-0.18239550000000002	464.3586060835924
0.10784532073863094	-0.00224436936028957	-0.18319200000000002	462.46494796150176
0.10882072203647336	-0.002286932011036865	-0.1839875	460.5861122139464
0.10979964726872025	-0.0023300785961080524	-0.18478200000000003	458.7220534880322
0.11078208413854261	-0.0023738139735587087	-0.1855755	456.87272640340404
0.11176802034522078	-0.0024181430125820905	-0.18636800000000003	455.03808505785827
0.11275744358411534	-0.0024630705933865716	-0.18715949999999998	453.21808295920886
0.11375034154663884	-0.0025086016070730733	-0.18795	451.4126730463334
0.1147467019202263	-0.0025547409555124368	-0.18873949999999998	449.6218077091937
0.1157465123883069	-0.00260149355122278	-0.189528	447.84543880784236
0.11674976063027473	-0.00264886431724682	-0.1903155	446.08351775011454
0.11775643432146031	-0.0026968581870291603	-0.191102	444.33599596438034
0.1187665211331014	-0.0027454801042935445	-0.1918875	442.60282463553494
0.11978000873231445	-0.0027947350229200816	-0.192672	440.88395446293595
0.12079688478206548	-0.002844627906822433	-0.1934555	439.17933567306386
0.12181713694114142	-0.0028951637298249714	-0.194238	437.48891803258937
0.12284075286412119	-0.0029463474755399024	-0.19501949999999998	435.8126508605324
0.12386772020134695	-0.002998184137244357	-0.1958	434.15048304494377
0.1248980265988951	-0.0030506787177574423	-0.1965795	432.50236334725497
0.12593165969854758	-0.00310383622931727	-0.197358	430.86824051948736
0.1269686071377631	-0.003157661693457939	-0.1981355	429.24806291339104
0.1280088565496482	-0.003212160140886493	-0.198912	427.6417784581758
0.1290523955629285	-0.0032673366113598356	-0.1996875	426.0493346674185
0.13009921180192008	-0.0033231961535616188	-0.200462	424.47067864518203
0.13114929288650043	-0.003379743824979091	-0.20123549999999998	422.90575709129996
0.13220262643207997	-0.003436984691779911	-0.20200800000000002	421.35451641699046
0.13325920004957312	-0.003494923828688927	-0.2027795	419.8169030854974
0.13431900134536973	-0.003553566318864925	-0.20355	418.2928632598657
0.13538201792130622	-0.003612917253777329	-0.2043195	416.7823426911562
0.1364482373746372	-0.0036729817330828827	-0.20508800000000002	415.2852867200881
0.1375176472980064	-0.0037337648645022785	-0.2058555	413.8016402780315
0.13859023527941844	-0.003795271763696766	-0.206622	412.3313478873681
0.1396659889022099	-0.0038575075541447063	-0.2073875	410.87435364739116
0.14074489574502108	-0.00392047736701811	-0.208152	409.43060153182404
0.14182694338176705	-0.003984186341059121	-0.2089155	408.0000354768933
0.14291211938160955	-0.004048639622456476	-0.209678	406.5825989972474
0.1440004113089281	-0.00411384236472192	-0.2104395	405.1782351679317
0.14509180672329183	-0.004179799728566581	-0.2112	403.7868866212843
0.14618629317943094	-0.004246516881777325	-0.21195949999999997	402.4084955433604
0.1472838582272083	-0.004313998999093053	-0.212718	401.0430036699093
0.1483844894115911	-0.004382251262080967	-0.2134755	399.6903522819298
0.1494881742726224	-0.004451278859012805	-0.214232	398.35048224339096
0.1505949003453932	-0.004521086984741031	-0.21498749999999997	397.0233343411123
0.15170465516001375	-0.004591680840574991	-0.215742	395.7088490774451
0.15281742624158565	-0.0046630656341570195	-0.2164955	394.40696645530795
0.1539332011101735	-0.004735246579338531	-0.217248	393.1176259702555
0.15505196728077697	-0.004808228896056048	-0.21799949999999998	391.8407666039126
0.15617371226330257	-0.0048820178102072	-0.21875	390.57632681717223
0.15729842356253557	-0.00495661855352669	-0.21949950000000001	389.32424454318425
0.15842608867811214	-0.005032036363462209	-0.220248	388.084457180162
0.1595566951044914	-0.005108276483050324	-0.22099549999999998	386.8569015103345
0.1606902303309275	-0.005185344160792322	-0.221742	385.6415141582573
0.1618266818414416	-0.00526324465053	-0.2224875	384.4382315191505
0.1629660371147945	-0.005341983211321446	-0.223232	383.2469893956051
0.1641082836244585	-0.0054215651073167516	-0.2239755	382.0677229888341
0.16525340883858994	-0.005501995607633696	-0.224718	380.9003668908913
0.16640140022000144	-0.00558327998623339	-0.2254595	379.744855076917
0.16755224522613443	-0.005665423521795884	-0.2262	378.6011208974378
0.1687059313090316	-0.0057484314975957155	-0.2269395	377.46909707075156
0.16986244591530958	-0.005832309201377459	-0.22767800000000002	376.34871567542586
0.1710217764861312	-0.00591706192523117	-0.22841550000000002	375.23990814293876
0.17218391045717857	-0.006002694965467853	-0.22915200000000002	374.14260525049065
0.17334883525862563	-0.006089213622494853	-0.2298875	373.0567371857102
0.17451653831511085	-0.006176623200691208	-0.23062200000000002	371.98223388166406
0.17568700704571028	-0.006264929008282966	-0.23135550000000002	370.9190247218044
0.17686022886391045	-0.0063541363572184725	-0.23208800000000002	369.86703837688196
0.1780361911775812	-0.006444250563043582	-0.23281949999999998	368.8262027988118
0.17921488138894903	-0.00653527694477687	-0.23355	367.79644521508794
0.18039628689457005	-0.006627220824784773	-0.23427950000000003	366.7776921235781
0.18158039508530324	-0.006720087528656696	-0.23500800000000002	365.7698692877237
0.1827671933462837	-0.006813882385080079	-0.2357355	364.77290173217216
0.18395666905689623	-0.006908610725715426	-0.236462	363.7867137388684
0.18514880959074842	-0.007004277885071271	-0.23718750000000002	362.8112288436266
0.18634360231564442	-0.007100889200379137	-0.237912	361.84636983320945
0.18754103459355864	-0.007198450011468421	-0.2386355	360.89205886679156
0.18874109378060905	-0.007296965660641238	-0.23935800000000002	359.9482177015448
0.18994376722703127	-0.0073964414925472505	-0.24007950000000003	359.0147673178841
0.19114904227715224	-0.0074968828540584185	-0.24080000000000001	358.09162791092587
0.1923569062693644	-0.007598295094143743	-0.2415195	357.1787188918719
0.19356734653609942	-0.007700683563743924	-0.242238	356.2759588886516
0.19478035040380234	-0.0078040536156460194	-0.24295550000000005	355.38326574722953
0.1959959051929059	-0.007908410604358018	-0.24367200000000003	354.50055653359306
0.1972139982178048	-0.008013759885983416	-0.2443875	353.62774753643674
0.19843461678683003	-0.008120106818095702	-0.24510200000000001	352.7647542706729
0.1996577482022232	-0.00822745675961283	-0.24581550000000005	351.91149156958426
0.20088337976011136	-0.008335815070671639	-0.24652800000000002	351.06787373727434
0.20211149875048146	-0.008445187112502226	-0.2472395	350.2338143370416
0.20334209245715526	-0.008555578247302291	-0.24794999999999998	349.409226153874
0.204575148157764	-0.008666993838111398	-0.2486595	348.5940212016808
0.20581065312372343	-0.008779439248685239	-0.24936799999999998	347.78811073130896
0.2070485946202089	-0.008892919843369831	-0.2500755	346.99140523934733
0.20828895990613028	-0.00900744098697566	-0.250782	346.20381447772263
0.20953173623410776	-0.009123008044651814	-0.2514875	345.4252474640907
0.21077691085044648	-0.009239626381760008	-0.25219199999999997	344.6556124959249
0.2120244709951125	-0.009357301363748656	-0.2528955	343.8948172854967
0.21327440390170815	-0.009476038356026804	-0.253598	343.1427690060028
0.21452669679744796	-0.009595842723838089	-0.2542995	342.3993741338554
0.21578133690313397	-0.00971671983213461	-0.255	341.6645384501948
0.21703831143313207	-0.009838675045450777	-0.2556995	340.93816705618536
0.21829760759534783	-0.009961713727777101	-0.25639799999999996	340.22016438909293
0.2195592125912027	-0.010085841242433962	-0.2570955	339.51043423913404
0.22082311361561	-0.010211062951945288	-0.25779199999999997	338.80887976708607
0.22208929785695158	-0.010337384217912238	-0.2584875	338.11540352264615
0.22335775249705417	-0.010464810400886811	-0.25918199999999997	337.42990747469184
0.22462846471116596	-0.01059334686024542	-0.2598755	336.7522931605286
0.2259014216679332	-0.0107229989540624	-0.26056799999999997	336.08246164711596
0.2271766105293772	-0.010853772038983507	-0.26125950000000003	335.420313448712
0.2284540184508713	-0.01098567147009935	-0.26195	334.76574854691927
0.22973363258111773	-0.011118702600818762	-0.2626395	334.1186664134232
0.23101544006212493	-0.011252870782742163	-0.263328	333.47896603336585
0.23229942802918507	-0.011388181365534844	-0.2640155	332.8465459293298
0.23358558361085102	-0.011524639696800221	-0.264702	332.2213041859099
0.23487389392891458	-0.01166225112195304	-0.2653875	331.6031384748471
0.2361643460983835	-0.011801020984092535	-0.266072	330.99194610456203
0.23745692722746	-0.011940954623875552	-0.26675550000000003	330.3876241458973
0.23875162441751813	-0.01208205737938959	-0.267438	329.7900693579855
0.24004842476308239	-0.01222433458602586	-0.2681195	329.1991781695859
0.24134731535180562	-0.012367791576352219	-0.2688	328.6148467068754
0.2426482832644477	-0.01251243367998614	-0.26947950000000004	328.0369708216416
0.24395131557485367	-0.01265826622346756	-0.270158	327.4654461198452
0.24525639934993285	-0.012805294530131742	-0.2708355	326.90016799051824
0.2465635216496373	-0.012953523919982043	-0.271512	326.34103163496917
0.24787266952694098	-0.013102959709562696	-0.2721875	325.7879320963181
0.24918383002781863	-0.013253607211831456	-0.272862	325.24076432381923
0.2504969901912253	-0.013405471736032303	-0.27353550000000004	324.6994232480693
0.2518121370490754	-0.013558558587568013	-0.274208	324.16380372410737
0.25312925762622246	-0.013712873067872734	-0.2748795	323.63380054703896
0.25444833894043883	-0.013868420474284507	-0.27555	323.1093084826532
0.2557693680023954	-0.01402520609991771	-0.2762195	322.59022229811495
0.2570923318156415	-0.014183235233535497	-0.276888	322.0764367926963
0.25841721737658524	-0.014342513159422168	-0.2775555	321.56784682851367
0.2597440116744736	-0.014503045157255498	-0.278222	321.064347361237
0.2610727016913732	-0.014664836501979025	-0.2788875	320.56583346988634
0.26240327440215044	-0.014827892463674271	-0.279552	320.07220040615425
0.2637357167744527	-0.014992218307432956	-0.2802155	319.5833436611444
0.2650700157686888	-0.015157819293229107	-0.280878	319.0991589298036
0.26640615833801073	-0.015324700675791192	-0.2815395	318.61954213092713
0.2677441314282942	-0.015492867704474158	-0.2822	318.14438943731267
0.2690839219781204	-0.015662325623131416	-0.28285950000000004	317.6735973056582
0.27042551691875755	-0.015833079669986826	-0.283518	317.20706250617246
0.27176890317414276	-0.01600513507750661	-0.2841755	316.74468215186863
0.2731140676608636	-0.016178497072271203	-0.28483200000000003	316.2863537275095
0.27446099728814033	-0.01635317087484707	-0.2854875	315.8319751181774
0.27580967895780834	-0.016529161699658502	-0.286142	315.3814446374396
0.27716009956430054	-0.016706474754859344	-0.28679550000000004	314.9346610552074
0.27851224599462937	-0.016885115242204644	-0.28744800000000004	314.49152363565145
0.2798661051283704	-0.017065088356922328	-0.2880995	314.0519321554471
0.2812216638376447	-0.017246399287584764	-0.28875	313.615786906872
0.28257890898710214	-0.017429053215980327	-0.28939950000000003	313.1829887226686
0.2839378274339048	-0.01761305531698488	-0.29004800000000003	312.75343900158356
0.28529840602771017	-0.01779841075843325	-0.2906955	312.32703973333156
0.2866606316106552	-0.01798512470099062	-0.291342	311.903693522958
0.28802449101733973	-0.018173202298023883	-0.2919875	311.4833036145859
0.2893899710748105	-0.01836264869547296	-0.292632	311.065773914524
0.29075705860254586	-0.01855346903172209	-0.29327549999999997	310.65100901372136
0.29212574041243977	-0.018745668437471056	-0.29391799999999996	310.23891420955033
0.29349600330878634	-0.018939252035606327	-0.2945595	309.82939552690345
0.2948678340882648	-0.019134224941072243	-0.2952	309.4223597385809
0.2962412195399242	-0.019330592260742054	-0.2958395	309.0177143729558
0.2976161464451689	-0.019528359093289004	-0.29647799999999996	308.61536770964017
0.298992601577744	-0.019727530529057322	-0.2971155	308.2152288119649
0.30037057170371995	-0.019928111649933165	-0.297752	307.81720754662535
0.30175004358147933	-0.020130107529215506	-0.29838749999999997	307.4212146006979
0.3031310039617027	-0.02033352323148707	-0.29902199999999995	307.0271614978895
0.304513439587354	-0.02053836381248508	-0.2996555	306.63496061401446
0.30589733719366735	-0.020744634318972045	-0.300288	306.244525191691
0.30728268350813376	-0.020952339788606535	-0.3009195	305.8557693542549
0.30866946525048744	-0.021161485249813816	-0.30155	305.468608118885
0.31005766913269317	-0.021372075721656524	-0.3021795	305.0829574089404
0.31144728185893306	-0.02158411621370526	-0.302808	304.6987340655054
0.31283829012559394	-0.02179761172590909	-0.3034355	304.31585585814497
0.31423068062125514	-0.022012567248466137	-0.304062	303.9342414892185
0.3156244400266763	-0.022228987761693998	-0.3046875	303.5538105500595
0.31701955501478485	-0.02244687823590017	-0.30531200000000003	303.1744835514687
0.31841601225066474	-0.02266624363125243	-0.3059355	302.79618195412064
0.31981379839154456	-0.022887088897649174	-0.306558	302.41882817487846
0.32121290008678627	-0.0231094189745897	-0.3071795	302.042345593057
0.32261330397787397	-0.023333238791044486	-0.3078	301.6666585559131
0.3240149966984028	-0.023558553265325324	-0.3084195	301.2916923833691
0.32541796487406843	-0.023785367304955556	-0.309038	300.9173733719777
0.32682219512265664	-0.024013685806540168	-0.30965550000000003	300.5436287981361
0.32822767405403264	-0.024243513655635842	-0.31027200000000005	300.17038692055803
0.32963438827013114	-0.024474855726621017	-0.3108875	299.7975769820138
0.3310423243649469	-0.02470771688256589	-0.311502	299.4251292103483
0.3324514689245245	-0.02494210197510231	-0.3121155	299.0529748187011
0.3338618085269492	-0.025178015844293754	-0.312728	298.6810459664588
0.3352733297423378	-0.025415463318505138	-0.3133395	298.3092757274211
0.3366860191328299	-0.025654449214272675	-0.31395	297.9375981468115
0.3380998632525788	-0.025894978336173637	-0.3145595	297.56594823931215
0.3395148486477431	-0.026137055476696106	-0.315168	297.1942619861269
0.34093096185647864	-0.026380685416108645	-0.3157755	296.82247633140474
0.3423481894089305	-0.026625872922330023	-0.316382	296.45052917803685
0.343766517827225	-0.026872622750798766	-0.31698750000000003	296.07835938284126
0.3451859336254621	-0.02712093964434272	-0.31759200000000004	295.70590675115204
0.34660642330970864	-0.02737082833304869	-0.3181955	295.3331120308262
0.3480279733779906	-0.027622293534131807	-0.31879799999999997	294.95991690568445
0.3494505703202868	-0.02787533995180509	-0.3193995	294.58626398840147
0.35087420061852215	-0.0281299722771488	-0.32000000000000006	294.21209681286126
0.35229885074656087	-0.028386195187979805	-0.32059950000000004	293.83735981662716
0.3537245071702012	-0.02864401334872098	-0.321198	293.4619982679784
0.35515115634716937	-0.028903431410270464	-0.3217955	293.0859583067255
0.35657878472711324	-0.02916445400987092	-0.322392	292.70918695334325
0.3580073787515978	-0.029427085770978727	-0.32298750000000004	292.3316320970332
0.3594369248540998	-0.029691331303133225	-0.323582	291.95324248527515
0.3608674094600031	-0.02995719520182584	-0.3241755	291.573967712953
0.3622988189865935	-0.03022468204836912	-0.32476800000000006	291.1937582110736
0.36373113984305483	-0.030493796409765874	-0.3253595	290.8125652350928
0.36516435843046524	-0.03076454283857821	-0.32595	290.43034085286564
0.3665984611417926	-0.03103692587279646	-0.32653950000000004	290.0470379322378
0.36803343436189134	-0.031310950035708184	-0.32712800000000003	289.66261012829267
0.3694692644674991	-0.03158661983576706	-0.3277155	289.2770118702722
0.3709059378272338	-0.03186393976646181	-0.328302	288.8901983479021
0.3723434408015908	-0.03214291430618501	-0.3288875	288.50212544785103
0.37378175974294026	-0.03242354791810186	-0.32947200000000004	288.11274975176144
0.3752208809955246	-0.03270584505001902	-0.3300555	287.72202857193673
0.37666079089545756	-0.03298981013425337	-0.330638	287.3299199213109
0.3781014757707214	-0.033275447587500596	-0.3312195	286.93638249875363
0.37954292194116585	-0.03356276181070397	-0.3318	286.5413756741536
0.38098511571850713	-0.03385175718892292	-0.3323795	286.1448594732923
0.38242804340632663	-0.03414243809120167	-0.332958	285.7467945625241
0.38387169130007065	-0.034434808870437726	-0.3335355	285.34714223327626
0.3853160456870499	-0.03472887386325053	-0.334112	284.9458643863804
0.3867610928464392	-0.035024637389849796	-0.33468749999999997	284.5429235135233
0.3882068190492784	-0.035322103753904155	-0.335262	284.13828265424195
0.38965321055847146	-0.03562127724240939	-0.3358355	283.7319053987703
0.3911002536287892	-0.035922162125557024	-0.336408	283.3237558820929
0.3925479345068682	-0.03622476265660251	-0.3369795	282.91379876634375
0.3939962394312138	-0.0365290830717337	-0.33755	282.5019992244108
0.39544515463220076	-0.036835127589939044	-0.33811949999999996	282.0883229234571
0.39689466633207565	-0.03714290041287596	-0.338688	281.6727360083723
0.3983447607449584	-0.037452405724738944	-0.3392555	281.25520508516234
0.3997954240768457	-0.03776364769212792	-0.339822	280.83569720429
0.4012466425256127	-0.03807663046391628	-0.3403875	280.41417984397464
0.402698402281017	-0.03839135817111913	-0.34095200000000003	279.99062088572157
0.4041506895247012	-0.03870783492676138	-0.34151549999999997	279.5649885886633
0.4056034904301971	-0.03902606482574579	-0.342078	279.1372515925955
0.4070567911629294	-0.03934605194472111	-0.3426395	278.70737889734545
0.4085105778802199	-0.039667800341950006	-0.3432	278.27533984590195
0.40996483673129186	-0.03999131405717715	-0.3437595	277.8411041076619
0.41141955385727524	-0.04031659711149717	-0.344318	277.4046416616965
0.4128747153912114	-0.040643653507222544	-0.3448755	276.9659227800422
0.4143303074580588	-0.04097248722775161	-0.345432	276.5249180110267
0.4157863161746985	-0.04130310223743638	-0.3459875	276.0815981626326
0.4172427276499404	-0.04163550248145045	-0.346542	275.6359342855103
0.4186995279845292	-0.0419696918856568	-0.3470955	275.187897649261
0.4201567032711516	-0.04230567435647567	-0.347648	274.7374597382441
0.42161423959444255	-0.042643453780752245	-0.3481995	274.28459223352576
0.42307212303099345	-0.0429830340256246	-0.34875	273.82926699344864
0.4245303396493583	-0.043324418938391195	-0.3492995	273.37145603735223
0.42598887551006337	-0.0436676123463788	-0.349848	272.91113152936725
0.4274477166656136	-0.04401261805681008	-0.35039549999999997	272.44826576229184
0.4289068491605024	-0.044359439856671304	-0.35094200000000003	271.9828311415509
0.43036625903121983	-0.04470808151257994	-0.3514875	271.51480016924313
0.431825932306262	-0.045058546770652366	-0.352032	271.0441454282793
0.4332858550061403	-0.04541083935637138	-0.3525755	270.57083956572626
0.43474601314339145	-0.04576496297445384	-0.35311800000000004	270.09485528421874
0.4362063927225872	-0.046120921308718206	-0.3536595	269.61616533292863
0.4376669797403454	-0.04647871802195207	-0.3542	269.1347424805961
0.4391277601853399	-0.046838356755779666	-0.3547395	268.6505594995536
0.44058872003831234	-0.04719984113052942	-0.35527800000000004	268.1635891504694
0.44204984527208313	-0.04756317474510134	-0.3558155	267.67380416719897
0.44351112185156333	-0.04792836117683458	-0.356352	267.1811772417457
0.4449725357337667	-0.04829540398137481	-0.3568875	266.6856810093343
0.44643407286782216	-0.04866430669254167	-0.357422	266.18728803359653
0.4478957191949861	-0.049035072822196143	-0.3579555	265.68597079186765
0.44935746064865595	-0.04940770586010801	-0.35848800000000003	265.181701664469
0.45081928315438324	-0.04978220927382315	-0.3590195	264.67445293978597
0.4522811726298877	-0.050158586508530986	-0.35955000000000004	264.1641967846797
0.4537431149850705	-0.050536840986931716	-0.3600795	263.6509052231838
0.4552050961220297	-0.05091697610910374	-0.36060800000000004	263.13455012240127
0.456667101935074	-0.051298995252370916	-0.3611355	262.615103178522
0.4581291183107387	-0.0516829017711699	-0.36166200000000004	262.09253590296476
0.45959113112780026	-0.05206869899691738	-0.3621875	261.56681960864097
0.4610531262572931	-0.05245639023787742	-0.36271200000000003	261.03792539634446
0.4625150895625245	-0.05284597877902865	-0.3632355	260.50582414126626
0.46397700689909194	-0.05323746788193156	-0.363758	259.97048648012515
0.46543886411489943	-0.05363086078459572	-0.3642795	259.4318828172544
0.46690064705017514	-0.054026160701347	-0.3648	258.88998331837564
0.46836234153748846	-0.05442337082269486	-0.3653195	258.3447578741067
0.4698239334017678	-0.05482249431519943	-0.365838	257.7961760854389
0.47128540846031947	-0.055223534321338835	-0.36635549999999995	257.24420725105415
0.47274675252284526	-0.05562649395937627	-0.366872	256.6888203547791
0.4742079513914622	-0.05603137632322728	-0.36738750000000003	256.12998405318297
0.4756689908607213	-0.056438184482326875	-0.367902	255.5676666633202
0.4771298567176275	-0.056846921481496754	-0.36841549999999995	255.00183615062122
0.4785905347416596	-0.05725759034081239	-0.368928	254.4324601169368
0.48005101070479034	-0.05767019405547026	-0.36943950000000003	253.85950580275303
0.4815112703715073	-0.05808473559565493	-0.36995	253.2829401029752
0.4829712994988345	-0.05850121790640627	-0.37045949999999994	252.70272951157966
0.48443108383635286	-0.05891964390748658	-0.370968	252.11884011384498
0.4858906091262227	-0.05934001649324765	-0.3714755	251.53123757564535
0.4873498611032055	-0.05976233853249803	-0.371982	250.9398871325375
0.48880882549468696	-0.060186612868370036	-0.37248749999999997	250.34475357904566
0.49026748802069975	-0.060612842318187025	-0.372992	249.74580125925723
0.49172583439394624	-0.06104102967333039	-0.37349550000000004	249.14299407867142
0.4931838503198225	-0.06147117769910671	-0.373998	248.53629549365485
0.4946415214964431	-0.061903289134615035	-0.3744995	247.92566848102544
0.4960988336146645	-0.062337366692613846	-0.375	247.31107552764666
0.49755577235811005	-0.06277341305938824	-0.37549950000000004	246.69247862113616
0.49901232340319546	-0.06321143089461714	-0.375998	246.06983924085884
0.500468472419154	-0.06365142283124033	-0.3764955	245.44311834934004
0.5019242050680631	-0.06409339147532572	-0.376992	244.81227640013344
0.5033795070048696	-0.06453733940593633	-0.37748750000000003	244.17727334706166
0.5048343638774172	-0.0649832691749976	-0.377982	243.53806860828095
0.5062887613264735	-0.06543118330716453	-0.37847549999999996	242.8946210551134
0.5077426849857571	-0.06588108429968877	-0.378968	242.24688900520175
0.509196120481966	-0.06633297462228582	-0.3794595	241.59483021611334
0.5106490534348053	-0.06678685671700227	-0.37995	240.938401879428
0.5121014694570156	-0.06724273299808298	-0.3804395	240.27756062404612
0.5135533541544033	-0.06770060585183812	-0.380928	239.61226254379218
0.5150046931258685	-0.06816047763651069	-0.3814155	238.94246316538212
0.5164554719634357	-0.0686223506821434	-0.381902	238.26811743315724
0.5179056762522838	-0.06908622729044614	-0.3823875	237.58917970619964
0.5193552915707765	-0.06955210973466318	-0.382872	236.90560375619785
0.5208043034904937	-0.0700200002594403	-0.3833555	236.21734276611775
0.5222526975762626	-0.07048990108069225	-0.383838	235.52434933319662
0.5237004593861893	-0.07096181438546986	-0.3843195	234.82657550727512
0.5251475744716915	-0.07143574233182748	-0.38480000000000003	234.12397277932598
0.5265940283775309	-0.0719116870486902	-0.38527950000000005	233.41649205808645
0.5280398066418458	-0.0723896506357212	-0.385758	232.704083673385
0.5294848947961852	-0.07286963516318916	-0.38623549999999995	231.98669738120554
0.5309292783655422	-0.07335164267183554	-0.386712	231.26428237013096
0.532372942868388	-0.07383567517274205	-0.3871875	230.53678726999624
0.5338158738167071	-0.07432173464719798	-0.387662	229.80416019512066
0.5352580567160322	-0.07480982304656765	-0.38813549999999997	229.06634877114504
0.5366994770654794	-0.07529994229215792	-0.388608	228.32330010419315
0.5381401203577836	-0.07579209427508551	-0.3890795	227.57496079245774
0.5395799720793364	-0.07628628085614475	-0.38955	226.821276943645
0.5410190177102209	-0.07678250386567471	-0.39001949999999996	226.06219419480692
0.5424572427242504	-0.07728076510342718	-0.390488	225.29765773477246
0.5438946325890044	-0.07778106633843383	-0.39095550000000007	224.52761235293644
0.545331172765868	-0.07828340930887412	-0.391422	223.75200251709464
0.5467668487100694	-0.07878779572194275	-0.3918875	222.97077234812735
0.5482016458707191	-0.07929422725371735	-0.39235200000000003	222.1838656415298
0.5496355496908485	-0.07980270554902603	-0.39281550000000004	221.39122590635347
0.5510685456074504	-0.0803132322213154	-0.393278	220.59279640831383
0.5525006190515186	-0.0808258088525179	-0.39373949999999996	219.78852021741375
0.5539317554480884	-0.08134043699291994	-0.3942	218.97834028043448
0.5553619402162776	-0.08185711816102938	-0.39465950000000005	218.16219955196564
0.5567911587693276	-0.0823758538434436	-0.395118	217.340040986754
0.5582193965146458	-0.08289664549471722	-0.39557549999999997	216.51180759031942
0.5596466388538472	-0.08341949453723001	-0.396032	215.67744249592624
0.5610728711827974	-0.08394440236105494	-0.39648750000000005	214.83688904846997
0.5624980788916552	-0.08447137032382596	-0.396942	213.99009091165806
0.5639222473649169	-0.08500039975060619	-0.3973955	213.13699225148042
0.5653453619814598	-0.08553149193375582	-0.39784800000000003	212.27753778850575
0.5667674081145864	-0.08606464813280029	-0.39829950000000003	211.4116728805797
0.5681883711320698	-0.08659986957429842	-0.39875	210.53934365372012
0.5696082363961981	-0.08713715745171044	-0.3991995	209.66049714504615
0.5710269892638212	-0.08767651292526633	-0.399648	208.77508148604295
0.5724446150863965	-0.0882179371218341	-0.40009550000000005	207.8830461783233
0.5738610992100349	-0.08876143113478786	-0.400542	206.9843421890322
0.5752764269755487	-0.08930699602387639	-0.4009875	206.07892211399832
0.5766905837184989	-0.08985463281509148	-0.401432	205.16674039774122
0.5781035547692428	-0.09040434250053625	-0.40187550000000005	204.24775357312816
0.5795153254529826	-0.0909561260382937	-0.402318	203.32192057089654
0.5809258810898146	-0.09150998435229521	-0.4027595	202.38920313507495
0.5823352069947779	-0.09206591833218918	-0.4032	201.44956599800798
0.5837432884779046	-0.09262392883320958	-0.40363950000000004	200.50297717717805
0.5851501108442696	-0.09318401667604462	-0.40407800000000005	199.54940834177614
0.586555659394042	-0.09374618264670555	-0.4045155	198.58883521178444
0.5879599194225352	-0.09431042749639537	-0.40495200000000003	197.62123807704992
0.5893628762202595	-0.09487675194137772	-0.40538750000000007	196.6466024262832
0.5907645150729731	-0.09544515666284568	-0.405822	195.66491926726678
0.5921648212617355	-0.09601564230679085	-0.4062555	194.67618564528624
0.5935637800629603	-0.09658820948387226	-0.40668800000000005	193.68040525175752
0.5949613767484679	-0.09716285876928538	-0.4071195000000001	192.67758908708402
0.5963575965855404	-0.09773959070263147	-0.40755	191.66775632500773
0.5977524248369754	-0.09831840578778644	-0.4079795	190.65093527450986
0.5991458467611408	-0.09889930449277044	-0.40840800000000005	189.62716395825348
0.6005378476120302	-0.09948228724961686	-0.4088355000000001	188.59649099712962
0.6019284126393187	-0.10006735445424182	-0.409262	187.55897661784695
0.6033175270884191	-0.10065450646631369	-0.4096875	186.5146937503415
0.6047051762005389	-0.10124374360912253	-0.41011200000000003	185.463729450627
0.6060913452127362	-0.10183506616944947	-0.4105355	184.40618639687682
0.6074760193579796	-0.10242847439743677	-0.410958	183.3421839098529
0.6088591838652042	-0.10302396850645712	-0.4113795	182.27185943320052
0.6102408239593713	-0.10362154867298355	-0.41179999999999994	181.19537018965227
0.6116209248615272	-0.1042212150364593	-0.41221949999999996	180.11289501255894
0.6129994717888629	-0.10482296769916784	-0.412638	179.02463676573345
0.6143764499547737	-0.10542680672610252	-0.41305549999999996	177.93082419392715
0.6157518445689202	-0.10603273214483709	-0.41347199999999995	176.83171394361293
0.6171256408372893	-0.10664074394539545	-0.41388749999999996	175.72759314843788
0.6184978239622556	-0.10725084208012217	-0.414302	174.6187824764012
0.6198683791426427	-0.10786302646355247	-0.41471549999999996	173.5056386854047
0.6212372915737867	-0.10847729697228291	-0.41512799999999994	172.38855759771627
0.6226045464475991	-0.1090936534448417	-0.4155395	171.26797782175646
0.6239701289526289	-0.10971209568155912	-0.41595000000000004	170.1443843742641
0.6253340242741281	-0.11033262344443837	-0.4163595	169.01831211420736
0.6266962175941153	-0.1109552364570261	-0.41676799999999997	167.89035000678027
0.6280566940914408	-0.11157993440428329	-0.4171755	166.76114602704453
0.6294154389418517	-0.11220671693245603	-0.417582	165.63141128577524
0.6307724373180585	-0.1128355836489466	-0.4179875	164.5019248276645
0.6321276743898008	-0.11346653412218441	-0.41839199999999993	163.37353942110636
0.6334811353239143	-0.11409956788149722	-0.4187955	162.24718689732634
0.6348328052843984	-0.11473468441698227	-0.419198	161.123883316563
0.6361826694324842	-0.11537188317937776	-0.4195995	160.00473512183464
0.6375307129267027	-0.11601116357993407	-0.42	158.89094590391832
0.6388769209229531	-0.11665252499028539	-0.4203995	157.78382171307533
0.6402212785745732	-0.11729596674232126	-0.420798	156.6847770886538
0.6415637710324088	-0.11794148812805841	-0.4211955	155.59534191253164
0.6429043834448842	-0.11858908839951239	-0.42159199999999997	154.5171669636594
0.6442431009580725	-0.11923876676856951	-0.4219875	153.45202895221513
0.6455799087157682	-0.1198905224068589	-0.42238200000000004	152.4018359147567
0.6469147918595578	-0.1205443544456245	-0.42277549999999997	151.3686327653511
0.6482477355288936	-0.12120026197559745	-0.42316799999999993	150.35460336110776
0.6495787248611651	-0.12185824404686821	-0.4235595	149.3620724008273
0.6509077449917738	-0.12251829966875909	-0.42395000000000005	148.3935062723688
0.6522347810542064	-0.12318042780969665	-0.4243395	147.45151294924904
0.6535598181801097	-0.12384462739708454	-0.42472799999999994	146.53883819489835
0.6548828414993647	-0.12451089731717596	-0.4251155	145.65835886443685
0.6562038361401636	-0.12517923641494677	-0.42550200000000005	144.81307426037458
0.6575227872290842	-0.12584964349396824	-0.4258875	144.006094791017
0.658839679891168	-0.12652211731628038	-0.426272	143.24062622702232
0.6601544992499957	-0.12719665660226476	-0.4266555	142.51994953542342
0.6614672304277662	-0.12787326003051822	-0.42703800000000003	141.84739785338877
0.6627778585453737	-0.12855192623772602	-0.4274195	141.2263289778675
0.6640863687224867	-0.12923265381853555	-0.42779999999999996	140.66009373012423
0.6653927460776272	-0.12991544132542973	-0.4281795	140.15200104350754
0.6666969757282504	-0.1306002872686012	-0.42855800000000005	139.70527956118352
0.6679990427908244	-0.1312871901158259	-0.4289355	139.32303698402623
0.6692989323809119	-0.13197614829233717	-0.42931199999999997	139.0082175788446
0.6705966296132504	-0.13266716018070004	-0.4296875	138.76355930300193
0.6718921196018346	-0.1333602241206854	-0.43006200000000006	138.59155188962797
0.6731853874599987	-0.13405533840914444	-0.4304355	138.49439640891157
0.6744764183004988	-0.13475250129988312	-0.43080799999999997	138.47396904273614
0.6757651972355969	-0.13545171100353703	-0.4311795	138.5317894355508
0.6770517093771444	-0.13615296568744606	-0.43155000000000004	138.66899456658513
0.6783359398366665	-0.13685626347552923	-0.4319195	138.88632065525596
0.6796178737254476	-0.1375616024481602	-0.43228799999999995	139.18409256259562
0.6808974961546163	-0.13826898064204193	-0.4326555	139.5622210435927
0.6821747922352318	-0.1389783960500824	-0.433022	140.02020892082564
0.6834497470783705	-0.13968984662126993	-0.4333875	140.55716516857282
0.6847223457952127	-0.14040333026054913	-0.43375199999999997	141.17182586062484
0.6859925734971312	-0.14111884482869608	-0.4341155	141.86258245236164
0.6872604152957781	-0.1418363881421949	-0.43447800000000003	142.62751435410564
0.6885258563031751	-0.14255595797311332	-0.4348395	143.464426230814
0.689788881631802	-0.14327755204897935	-0.4352	144.37088763384216
0.6910494763946861	-0.14400116805265709	-0.4355595	145.34427347070215
0.6923076257054938	-0.1447268036222238	-0.435918	146.38180590868066
0.6935633146786205	-0.14545445635084614	-0.4362755	147.48059316125781
0.6948165284292829	-0.14618412378665738	-0.43663199999999996	148.63766734461188
0.6960672520736098	-0.14691580343263394	-0.43698750000000003	149.85001954848607
0.6973154707287365	-0.14764949274647285	-0.43734200000000006	151.11463632197302
0.6985611695128962	-0.14838518914046897	-0.4376955	152.42852290694583
0.6998043335455151	-0.1491228899813924	-0.438048	153.78872763411226
0.7010449479473057	-0.14986259259036602	-0.4383995	155.1923626281368
0.7022829978403616	-0.15060429424274333	-0.43875000000000003	156.6366209135413
0.7035184683482537	-0.15134799216798647	-0.43909950000000003	158.1187921192525
0.7047513445961253	-0.1520936835495442	-0.43944799999999995	159.63627759304248
0.7059816117107892	-0.1528413655247302	-0.4397955	161.18659308776077
0.7072092548208242	-0.1535910351846016	-0.44014200000000003	162.76737270002158
0.7084342590566726	-0.15434268957383737	-0.44048750000000003	164.37637178585607
0.7096566095507391	-0.1550963256906174	-0.44083199999999995	166.01146801994219
0.7108762914374892	-0.15585194048650114	-0.4411755	167.67066089219614
0.7120932898535476	-0.15660953086630694	-0.441518	169.35207215969828
0.7133075899377999	-0.1573690936879914	-0.4418595	171.0539465488746
0.7145191768314907	-0.15813062576252862	-0.4422	172.77464337079763
0.715728035678327	-0.15889412385379004	-0.44253950000000003	174.5126314790122
0.7169341516245772	-0.15965958467842417	-0.44287800000000005	176.26648460506047
0.7181375098191758	-0.16042700490573691	-0.4432155	178.03487641295692
0.7193380954138239	-0.16119638115757134	-0.443552	179.81657539104341
0.7205358935630938	-0.16196771000818835	-0.4438875	181.61043967849128
0.7217308894245321	-0.16274098798414735	-0.44422200000000006	183.41541260602352
0.7229230681587645	-0.1635162115641867	-0.4445555	185.23052153158437
0.7241124149296007	-0.16429337717910514	-0.44488799999999995	187.05487009870419
0.7252989149041393	-0.16507248121164247	-0.4452195	188.88763157323544
0.7264825532528753	-0.16585351999636128	-0.44555000000000006	190.72804421003318
0.727663315149805	-0.1666364898195283	-0.44587950000000004	192.57540683201242
0.7288411857725349	-0.16742138691899627	-0.446208	194.42907462877696
0.7300161503023883	-0.16820820748408594	-0.44653550000000003	196.28845518039708
0.7311881939245145	-0.16899694765546788	-0.44686200000000004	198.1530047076081
0.7323573018279975	-0.16978760352504535	-0.4471875	200.02222454632985
0.7335234592059654	-0.17058017113583654	-0.44751199999999997	201.89565822580744
0.7346866512557007	-0.17137464648185732	-0.4478355	203.77289124398533
0.7358468631787515	-0.17217102550800448	-0.44815800000000006	205.65354571256802
0.7370040801810417	-0.17296930410993872	-0.44847950000000003	207.53727673042462
0.7381582874729841	-0.17376947813396795	-0.4488	209.42376998784846
0.7393094702695919	-0.1745715433769312	-0.4491195	211.31273943612817
0.7404576137905928	-0.1753754955860823	-0.44943800000000006	213.20392512420057
0.7416027032605416	-0.1761813304589739	-0.44975550000000003	215.09709119224502
0.7427447239089345	-0.17698904364334178	-0.45007199999999997	216.99202401228501
0.7438836609703255	-0.1777986307369895	-0.4503875	218.88853046616836
0.7450194996844398	-0.17861008728767275	-0.45070200000000005	220.786436370175
0.7461522252962907	-0.17942340879298463	-0.4510155	222.68558596209107
0.7472818230562962	-0.18023859070024065	-0.451328	224.5858409540589
0.7484082782203964	-0.1810556284063642	-0.4516395	226.48707795643182
0.7495315760501704	-0.1818745172577721	-0.4519500000000001	228.3891872068594
0.750651701812956	-0.18269525255026065	-0.45225950000000004	230.2920714934689
0.7517686407819676	-0.1835178295288914	-0.45256799999999997	232.19564515995552
0.7528823782364159	-0.18434224338787777	-0.45287550000000004	234.09983318639942
0.7539928994616283	-0.18516848927047147	-0.4531820000000001	236.00457034006322
0.7551001897491701	-0.18599656226884942	-0.45348750000000004	237.90980039081578
0.7562042343969646	-0.18682645742400059	-0.453792	239.81547538622132
0.7573050187094164	-0.18765816972561358	-0.45409550000000004	241.72155498168934
0.7584025279975328	-0.18849169411196384	-0.4543980000000001	243.6280058214331
0.7594967475790482	-0.1893270254698018	-0.45469950000000003	245.53480098919334
0.7605876627785463	-0.19016415863424055	-0.45499999999999996	247.44192036955366
0.7616752589275857	-0.1910030883886444	-0.4552995	249.34934973134617
0.7627595213648244	-0.19184380946451732	-0.45559800000000006	251.25707963210073
0.7638404354361453	-0.1926863165413917	-0.4558955	253.16510514713238
0.7649179864947823	-0.19353060424671725	-0.456192	255.07342548287107
0.7659921599014476	-0.19437666715575094	-0.45648749999999993	256.9820436190279
0.767062941024458	-0.19522449979144568	-0.45678199999999997	258.8909659773374
0.768130315239864	-0.19607409662434078	-0.4570755	260.80020211482065
0.7691942679315774	-0.19692545207245177	-0.457368	262.7097644396431
0.7702547844915015	-0.19777856050116094	-0.45765949999999994	264.61966794782484
0.77131185031966	-0.1986334162231078	-0.45794999999999997	266.5299299791743
0.7723654508243277	-0.19949001349808002	-0.4582395	268.440569990956
0.7734155714221616	-0.20034834653290468	-0.458528	270.3516093528131
0.7744621975383325	-0.20120840948133983	-0.45881549999999993	272.2630715438513
0.7755053146066572	-0.20207019644396584	-0.459102	274.17498180251056
0.7765449080697313	-0.20293370146807777	-0.4593875	276.08736662497387
0.7775809633790629	-0.20379891854757753	-0.45967199999999997	278.00025371176366
0.7786134659952058	-0.20466584162286622	-0.45995549999999996	279.91367182268857
0.7796424013878959	-0.20553446458073762	-0.460238	281.82765064189493
0.780667755036184	-0.20640478125427048	-0.4605195	283.7422206522392
0.7816895124285745	-0.20727678542272251	-0.4608	285.6574130182781
0.7827076590631599	-0.20815047081142407	-0.4610795	287.5732594771982
0.7837221804477585	-0.209025831091672	-0.461358	289.48979223708744
0.7847330621000526	-0.20990285988062404	-0.46163550000000003	291.4070438819782
0.7857402895477263	-0.2107815507411933	-0.461912	293.32504729571286
0.786743848328605	-0.21166189718194345	-0.4621875	295.2438357368916
0.7877437239907942	-0.2125438926569834	-0.462462	297.16344265397964
0.788739902092821	-0.2134275305658635	-0.4627355	299.0839015388968
0.7897323682037739	-0.21431280425347093	-0.463008	301.0052458685499
0.7907211079034444	-0.2151997070099256	-0.46327949999999996	302.9275090409613
0.7917061067824698	-0.2160882320704772	-0.46355	304.85072431526214
0.7926873504424752	-0.21697837261540148	-0.46381950000000005	306.7749247552396
0.793664824496217	-0.21787012176989742	-0.464088	308.70014317616386
0.7946385145677272	-0.21876347260398465	-0.4643555	310.6264120946383
0.7956084062924577	-0.21965841813240106	-0.464622	312.5537636812312
0.7965744853174251	-0.22055495131450087	-0.46488750000000006	314.4822297156665
0.7975367373013579	-0.22145306505415305	-0.465152	316.4118415550402
0.7984951479148417	-0.22235275219963987	-0.4654155	318.3426301802047
0.7994497028404663	-0.22325400554355573	-0.465678	320.2746261117099
0.8004003877729746	-0.22415681782270683	-0.46593950000000006	322.2078593218614
0.8013471884194096	-0.22506118171801048	-0.4662	324.14235919951506
0.802290090499264	-0.22596708985439548	-0.46645949999999997	326.07815451686145
0.8032290797446303	-0.22687453480070185	-0.466718	328.015273397612
0.8041641419003499	-0.2277835090695821	-0.46697550000000004	329.95374328646164
0.8050952627241652	-0.22869400511740187	-0.467232	331.8935909197062
0.8060224279868697	-0.22960601534414113	-0.46748749999999994	333.8348422969221
0.8069456234724618	-0.23051953209329648	-0.467742	335.7775226535998
0.8078648349782962	-0.23143454765178237	-0.46799550000000006	337.72165643464353
0.8087800483152381	-0.23235105424983415	-0.468248	339.6672672664373
0.8096912493078167	-0.23326904406091042	-0.46849949999999996	341.61437806357765
0.8105984237943804	-0.23418850920159626	-0.46875	343.5630109439442
0.8115015576272514	-0.2351094417315066	-0.46899950000000007	345.5131871357736
0.8124006366728826	-0.23603183365319003	-0.469248	347.46492695437786
0.8132956468120133	-0.23695567691203298	-0.46949549999999995	349.4182497792987
0.8141865739398269	-0.23788096339616438	-0.469742	351.37317403183596
0.8150734039661083	-0.23880768493636012	-0.46998750000000006	353.3297171528977
0.815956122815403	-0.23973583330594886	-0.470232	355.2878955811213
0.8168347164271756	-0.24066540022071725	-0.47047549999999994	357.2477247312233
0.8177091707559704	-0.24159637733881603	-0.470718	359.20921897253027
0.8185794717715709	-0.24252875626066658	-0.47095950000000003	361.17239160376255
0.8194456054591607	-0.24346252852886727	-0.4712	363.13725485247426
0.8203075578194865	-0.24439768562810107	-0.47143949999999996	365.10382009011636
0.821165314869019	-0.2453342189850427	-0.471678	367.07209761496836
0.8220188626401166	-0.2462721199682666	-0.47191550000000004	369.04209657441794
0.822868187181189	-0.2472113798881554	-0.472152	371.0138249439381
0.8237132745568608	-0.2481519899968082	-0.47238749999999996	372.9872895060154
0.8245541108481375	-0.24909394148795028	-0.472622	374.9624958289979
0.8253906821525695	-0.2500372254968416	-0.47285550000000004	376.9394482458471
0.8262229745844197	-0.2509818331001875	-0.473088	378.9181498327642
0.8270509742748294	-0.25192775531604866	-0.47331949999999995	380.89860238767346
0.8278746673719865	-0.25287498310375156	-0.47355	382.88080640854184
0.8286940400412925	-0.2538235073638	-0.4737795	384.864761055159
0.8295090784655325	-0.2547733189377858	-0.474008	386.8504642940228
0.8303197688450432	-0.25572440860830126	-0.4742355	388.83791309726104
0.8311260973978846	-0.2566767670988516	-0.474462	390.82710307827193
0.8319280503600087	-0.25763038507376695	-0.47468750000000004	392.81802844055375
0.8327256139854325	-0.2585852531381159	-0.474912	394.81068195486336
0.8335187745464094	-0.2595413618376191	-0.4751355	396.80505493609843
0.8343075183336013	-0.260498701658563	-0.475358	398.80113721989756
0.8350918316562521	-0.2614572630277141	-0.47557950000000004	400.7989171389474
0.8358717008423624	-0.26241703631223423	-0.4758	402.79838149898603
0.8366471122388627	-0.26337801181959514	-0.4760195	404.799515554494
0.8374180522117896	-0.2643401797974946	-0.476238	406.8023029840624
0.8381845071464613	-0.26530353043377225	-0.47645550000000003	408.8067258476286
0.8389464634476542	-0.2662680538563265	-0.476672	410.8127650317238
0.8397039075397794	-0.2672337401330307	-0.47688749999999996	412.8204001684932
0.8404568258670614	-0.2682005792716513	-0.477102	414.8296092202114
0.8412052048937162	-0.26916856121976557	-0.47731550000000006	416.8403684486183
0.8419490311041299	-0.2701376758646792	-0.477528	418.85265238845886
0.8426882910030392	-0.2711079130333461	-0.4777395	420.8664338206602
0.8434229711157111	-0.2720792624922866	-0.47795	422.88168374513833
0.8441530579881241	-0.27305171394750777	-0.47815950000000007	424.8983713532357
0.8448785381871508	-0.27402525704442326	-0.478368	426.916463999783
0.8455993983007384	-0.2749998813677738	-0.4785755	428.93592717478793
0.846315624938093	-0.275975576441548	-0.478782	430.9567244726853
0.8470272047298631	-0.2769523317289045	-0.47898750000000007	432.9788176344043
0.8477341243283236	-0.27793013663209315	-0.479192	435.0021673341061
0.8484363704075608	-0.2789089804923779	-0.4793955	437.0267325540445
0.8491339296636577	-0.2798888525899596	-0.479598	439.05247027102666
0.849826788814881	-0.2808697421438992	-0.47979950000000005	441.0793354261776
0.8505149346018671	-0.28185163831204163	-0.48	443.10728089432445
0.8511983537878098	-0.28283453019094007	-0.48019949999999995	445.13625745301107
0.8518770331586494	-0.28381840681578113	-0.480398	447.1662137511401
0.85255095952326	-0.2848032571603095	-0.48059550000000006	449.19709627724666
0.8532201197136403	-0.28578907013675436	-0.480792	451.22884932741255
0.8538845005851031	-0.28677583459575473	-0.48098749999999996	453.261414972817
0.8545440890164662	-0.2877635393262875	-0.481182	455.2947330116591
0.8551988719102438	-0.28875217305559353	-0.48137550000000007	457.32874139040416
0.8558488361928388	-0.28974172444910584	-0.481568	459.3633769196471
0.8564939688147353	-0.290732182110378	-0.48175949999999995	461.39857420457037
0.8571342567506919	-0.2917235345810125	-0.48195	463.4342654695765
0.857769686999936	-0.29271577034059043	-0.48213950000000005	465.47038052427854
0.8584002465863588	-0.2937088778066008	-0.48232800000000003	467.5068467291841
0.8590259225587099	-0.29470284533437135	-0.4825155	469.54358896107414
0.8596467019907935	-0.2956976612169985	-0.482702	471.5805295780924
0.8602625719816659	-0.2966933136852796	-0.4828875000000001	473.617588384558
0.8608735196558315	-0.29768979090764425	-0.483072	475.6546825955064
0.8614795321634416	-0.2986870809900865	-0.48325549999999995	477.6917268009786
0.8620805966804931	-0.29968517197609806	-0.48343800000000003	479.72863314969504
0.8626767004090272	-0.3006840518466016	-0.48361950000000004	481.7653125588677
0.8632678305773298	-0.30168370851988474	-0.4838	483.8016736753784
0.8638539744401316	-0.3026841298515341	-0.48397949999999995	485.8376223788237
0.8644351192788097	-0.30368530363437085	-0.48415800000000003	487.8730617584229
0.8650112524015898	-0.304687217598386	-0.48433550000000003	489.9078920766128
0.865582361143748	-0.30568985941067656	-0.484512	491.94201073249894
0.8661484328678138	-0.30669321667538185	-0.4846875	493.97531222517864
0.8667094549637755	-0.3076972769336211	-0.484862	496.0076881169572
0.8672654148492829	-0.3087020276634311	-0.48503550000000006	498.0390269952004
0.8678162999698531	-0.3097074562797039	-0.48520800000000003	500.06921513420815
0.8683620977990768	-0.310713550134127	-0.48537949999999996	502.09813729236646
0.868902795838824	-0.31172029651512084	-0.48555000000000004	504.125675344786
0.8694383816194515	-0.3127276826477805	-0.4857195000000001	506.1517080652609
0.8699688427000105	-0.3137356956938153	-0.485888	508.17611108989627
0.8704941666684548	-0.3147443227514896	-0.4860555	510.1987568807981
0.8710143411418506	-0.3157535508555658	-0.48622199999999993	512.2195146898506
0.8715293537665852	-0.31676336697724494	-0.4863875	514.2382505226072
0.8720391922185782	-0.3177737580241108	-0.48655200000000004	516.2548271023301
0.8725438442034918	-0.3187847108400724	-0.48671549999999997	518.2691041566923
0.8730432974569431	-0.3197962122053084	-0.4868779999999999	520.2809400368837
0.8735375397447158	-0.3208082488362116	-0.4870395	522.2901903990577
0.8740265588629739	-0.32182080738533414	-0.4872	524.2967075022008
0.8745103426384743	-0.3228338744413331	-0.4873595	526.3003401740791
0.874988878928782	-0.32384743652891673	-0.48751799999999995	528.3009337775408
0.8754621556224844	-0.3248614801087917	-0.4876755	530.2983301772088
0.8759301606394071	-0.32587599157761016	-0.48783200000000004	532.2923677066008
0.8763928819308304	-0.32689095726791845	-0.4879875	534.2828811357202
0.8768503074797053	-0.3279063634481053	-0.48814199999999996	536.2697017287178
0.877302425300872	-0.3289221963223516	-0.4882955	538.2526589767956
0.8777492234412771	-0.32993844203057976	-0.48844800000000005	540.2315803470589
0.8781906899801936	-0.33095508664840484	-0.4885995	542.2062897010534
0.8786268130294386	-0.33197211618708566	-0.48874999999999996	544.1766072187341
0.8790575807335952	-0.33298951659347636	-0.4888995	546.1423493705871
0.8794829812702323	-0.3340072737499789	-0.48904800000000004	548.1033288905418
0.8799030028501258	-0.33502537347449607	-0.4891955	550.0593547497195
0.8803176337174814	-0.3360438015203853	-0.48934199999999994	552.0102321310713
0.8807268621501567	-0.3370625435764131	-0.4894875	553.9557624080329
0.8811306764598845	-0.3380815852667095	-0.48963200000000007	555.8957443830298
0.8815290649924972	-0.3391009121507244	-0.4897755	557.8299757153309
0.8819220161281507	-0.3401205097231827	-0.48991799999999996	559.7582505544985
0.8823095182815509	-0.3411403634140425	-0.4900595	561.6803591947277
0.8826915599021781	-0.34216045858845157	-0.4902	563.5960880568778
0.8830681294745147	-0.3431807805467059	-0.4903395	565.5052196717905
0.8834392155182718	-0.34420131452420866	-0.49047799999999997	567.4075326649538
0.8838048065886172	-0.34522204569142956	-0.4906155	569.3028017425748
0.8841648912764037	-0.3462429591538647	-0.490752	571.1907976791282
0.884519458208399	-0.347264039951998	-0.4908875	573.0712878803969
0.8848684960475139	-0.348285273061262	-0.49102199999999996	574.9440391293189
0.8852119934930348	-0.34930664339200046	-0.4911555	576.8088154285457
0.8855499392808527	-0.3503281357894311	-0.49128800000000006	578.6653768695292
0.8858823221836961	-0.3513497350336087	-0.4914195	580.5134796291139
0.8862091310113631	-0.35237142583939	-0.49154999999999993	582.352875968282
0.886530354610954	-0.35339319285639764	-0.4916795	584.1833142328337
0.8868459818671053	-0.3544150206689864	-0.491808	586.0045388560854
0.8871560017022242	-0.3554368937962093	-0.4919355	587.8162903636498
0.8874604030767226	-0.35645879669178426	-0.49206199999999994	589.618305540828
0.8877591749892527	-0.35748071374406165	-0.4921875	591.4103202638438
0.8880523064769447	-0.35850262927599286	-0.492312	593.1920691219016
0.8883397866156415	-0.3595245275450994	-0.4924355	594.9632829795412
0.8886216045201376	-0.3605463927434423	-0.49255799999999994	596.723688916226
0.888897749344416	-0.3615682089975925	-0.4926795	598.473010246142
0.8891682102818879	-0.3625899603686021	-0.49280000000000007	600.2109665405846
0.8894329765656316	-0.36361163085197623	-0.4929195	601.9372736530028
0.8896920374686322	-0.36463320437764574	-0.493038	603.6516437467773
0.8899453823040229	-0.36565466480993986	-0.4931555	605.3537853368834
0.8901930004253253	-0.36667599594756106	-0.49327200000000004	607.0434052650194
0.8904348812266922	-0.367697181523559	-0.4933875	608.7202108356033
0.8906710141431489	-0.3687182052053063	-0.49350199999999994	610.3839063598778
0.8909013886508376	-0.3697390505944749	-0.4936155	612.0341927157986
0.8911259942672602	-0.37075970122701263	-0.49372800000000006	613.6707673946961
0.8913448205515232	-0.37178014057312087	-0.4938395	615.2933245511526
0.8915578571045824	-0.3728003520372334	-0.49394999999999994	616.9015550561602
0.8917650935694884	-0.3738203189579949	-0.4940595	618.4951465536341
0.8919665196316334	-0.3748400246082412	-0.49416800000000005	620.0737835203356
0.8921621250189973	-0.37585945219498007	-0.4942755	621.6371491114371
0.8923518995023959	-0.37687858485937215	-0.49438199999999993	623.1849278488768
0.8925358328957286	-0.3778974056767134	-0.4944875	624.7168014163407
0.8927139150562273	-0.37891589765641825	-0.49459200000000003	626.2324486738634
0.8928861358847052	-0.3799340437420024	-0.4946955	627.7315457405358
0.893052485325808	-0.38095182681106843	-0.49479799999999996	629.2137660769235
0.8932129533682638	-0.3819692296752901	-0.4948995	630.6787805712697
0.8933675300451329	-0.3829862350803986	-0.49500000000000005	632.1262581065254
0.893516205434063	-0.38400282570616967	-0.4950995	633.5558687530056
0.893658969657538	-0.38501898416641067	-0.49519799999999997	634.967281955102
0.8937958128831339	-0.3860346930089492	-0.4952955	636.3601650424778
0.8939267253237704	-0.387049934715622	-0.49539200000000005	637.7341833286312
0.8940516972379665	-0.38806469170226493	-0.4954875	639.0890002212479
0.8941707189300951	-0.389078946318704	-0.49558199999999997	640.424277336576
0.8942837807506385	-0.3900926808487463	-0.4956755	641.7396749181821
0.8943908730964439	-0.39110587751017273	-0.49576800000000004	643.034855033165
0.8944919864109812	-0.3921185184547308	-0.4958595	644.3094804872745
0.8945871111845999	-0.39313058576812904	-0.49594999999999995	645.5632128931635
0.8946762379547867	-0.3941420614700311	-0.4960395	646.7957127731024
0.8947593573064245	-0.3951529275140517	-0.49612800000000007	648.0066396981476
0.8948364598720515	-0.39616316578775285	-0.4962155	649.1956524313339
0.8949075363321208	-0.397172758112641	-0.49630199999999997	650.3624092441042
0.8949725774152613	-0.3981816862441652	-0.4963875	651.5065709019824
0.8950315738985376	-0.39918993187171564	-0.4964720000000001	652.6278004295682
0.8950845166077133	-0.4001974766186238	-0.4965555	653.7257608059131
0.8951313964175109	-0.40120430204216206	-0.49663799999999997	654.8001150456157
0.8951722042518774	-0.40221038963354644	-0.4967195	655.8505263659323
0.8952069310842447	-0.403215720817937	-0.4968000000000001	656.8766583576471
0.8952355679377958	-0.4042202769544425	-0.49687950000000003	657.8781752411271
0.8952581058857288	-0.4052240393361234	-0.49695799999999996	658.8547444737331
0.8952745360515214	-0.40622698918999633	-0.4970355	659.8060373608663
0.8952848496091976	-0.40722910767704074	-0.49711200000000005	660.7317265252566
0.8952890377835933	-0.4082303758922041	-0.4971875	661.6314859365667
0.8952870918506238	-0.40923077486441	-0.4972619999999999	662.5049911034223
0.8952790031375513	-0.410230285556566	-0.4973355	663.3519192686006
0.8952647630232524	-0.41122888886557274	-0.4974080000000001	664.1719496376703
0.895244362938488	-0.41222656562233384	-0.4974795	664.9647655015762
0.8952177943661714	-0.4132232965917667	-0.49754999999999994	665.7300555602665
0.895185048841639	-0.41421906247281387	-0.4976195	666.467511373655
0.8951461179529201	-0.41521384389845595	-0.4976880000000001	667.1768273144454
0.8951009933410089	-0.41620762143572504	-0.4977555	667.8577007796188
0.8950496667001354	-0.4172003755857186	-0.49782199999999993	668.5098324041084
0.8949921297780377	-0.4181920867836151	-0.4978875	669.1329262835418
0.8949283743762351	-0.4191827353986898	-0.49795200000000006	669.7266915893198
0.8948583923503016	-0.4201723017343322	-0.4980155	670.29084432319
0.8947821756101388	-0.4211607660280633	-0.49807799999999997	670.8251049925549
0.8946997161202521	-0.4221481084515549	-0.4981395	671.3291984892765
0.8946110059000244	-0.4231343091106494	-0.49820000000000003	671.8028543126246
0.8945160370239925	-0.42411934804537965	-0.4982595	672.2458067930942
0.8944148016221233	-0.4251032052299916	-0.4983179999999999	672.6577953170209
0.8943072918800898	-0.4260858605729657	-0.4983755	673.0385654950234
0.8941935000395502	-0.4270672939170415	-0.49843200000000004	673.3878709842185
0.8940734183984241	-0.4280474850392405	-0.49848750000000003	673.7054715678576
0.893947039311172	-0.4290264136508929	-0.49854199999999993	673.9911330254112
0.893814355189074	-0.4300040593976623	-0.4985955	674.2446273566685
0.8936753585005097	-0.43098040185957437	-0.49864800000000004	674.4657330050707
0.8935300417712381	-0.4319554205510434	-0.4986995	674.6542350800377
0.8933783975846786	-0.4329290949209028	-0.49874999999999997	674.8099263944873
0.8932204185821921	-0.4339014043524338	-0.4987995	674.9326087082635
0.8930560974633636	-0.4348723281633969	-0.49884800000000007	675.0220908824753
0.8928854269862833	-0.43584184560606387	-0.4988955	675.0781893355085
0.8927083999678306	-0.43680993586725037	-0.49894199999999994	675.1007282713376
0.8925250092839576	-0.43777657806834974	-0.49898750000000003	675.0895403929172
0.8923352478699726	-0.438741751265368	-0.49903200000000003	675.0444673115632
0.8921391087208252	-0.43970543444895893	-0.4990755	674.9653590896658
0.8919365848913915	-0.44066760654446174	-0.49911799999999995	674.8520744036864
0.8917276694967594	-0.44162824641193793	-0.4991595	674.7044807975188
0.8915123557125151	-0.4425873328462101	-0.4992	674.5224552898476
0.8912906367750302	-0.44354484457690224	-0.49923950000000006	674.3058842497081
0.8910625059817483	-0.44450076026847946	-0.499278	674.054663421682
0.8908279566914739	-0.4454550585202901	-0.49931549999999997	673.7686981157316
0.8905869823246598	-0.44640771786660827	-0.499352	673.4479034771952
0.8903395763636968	-0.4473587167766776	-0.49938750000000004	673.0922046073935
0.8900857323532022	-0.4483080336547553	-0.499422	672.7015365634344
0.8898254439003116	-0.4492556468401586	-0.49945549999999994	672.275844634806
0.8895587046749672	-0.45020153460731094	-0.499488	671.8150845025654
0.8892855084102107	-0.45114567516578924	-0.49951950000000006	671.3192223150993
0.8890058489024736	-0.45208804666037355	-0.49955	670.7882343892738
0.8887197200118706	-0.45302862717109577	-0.49957949999999995	670.222107735054
0.8884271156624904	-0.4539673947132909	-0.499608	669.6208402876324
0.8881280298426912	-0.45490432723764845	-0.49963550000000007	668.9844410199348
0.8878224566053923	-0.45583940263026573	-0.499662	668.3129294472152
0.8875103900683688	-0.4567725987127009	-0.49968749999999995	667.606335614728
0.8871918244145478	-0.4577038932420283	-0.499712	666.8647008816522
0.8868667538923012	-0.4586332639108944	-0.49973550000000005	666.0880780425898
0.8865351728157429	-0.45956068834757435	-0.499758	665.2765312103098
0.8861970755650252	-0.4604861441160302	-0.49977949999999993	664.4301347160657
0.8858524565866346	-0.46140960871597003	-0.4998	663.5489740075471
0.8855013103936895	-0.4623310595829079	-0.4998195	662.6331462266189
0.885143631566238	-0.46325047408822445	-0.499838	661.68276022129
0.8847794147515561	-0.4641678295392303	-0.49985549999999995	660.6979354635287
0.8844086546644464	-0.4650831031792286	-0.499872	659.6788022590781
0.884031346087537	-0.46599627218757894	-0.49988750000000004	658.6255026730945
0.8836474838715815	-0.46690731367976357	-0.499902	657.5381895582182
0.8832570629357599	-0.4678162047074538	-0.49991549999999996	656.4170269494797
0.8828600782679777	-0.4687229222585772	-0.499928	655.2621902592585
0.8824565249251686	-0.4696274432573862	-0.49993950000000004	654.0738653781636
0.8820463980335952	-0.4705297445645285	-0.49995	652.8522496737714
0.8816296927891518	-0.4714298029771173	-0.49995949999999995	651.5975511910784
0.8812064044576663	-0.47232759522880335	-0.499968	650.3099886013715
0.8807765283752041	-0.4732230979898484	-0.4999755000000001	648.9897918724675
0.8803400599483713	-0.47411628786719884	-0.499982	647.6372009520269
0.8798969946546186	-0.4750071414045612	-0.4999874999999999	646.2524667466646
0.8794473280425457	-0.4758956350824783	-0.499992	644.8358506573969
0.8789910557322073	-0.4767817453184074	-0.49999550000000004	643.3876239047885
0.8785281734154171	-0.4776654484667977	-0.499998	641.9080685478804
0.8780586768560551	-0.4785467208191713	-0.49999949999999993	640.3974763293727
0.8775825618903728	-0.479425538604203	-0.5	638.8561489758001