1.1060066116437523e-7	-5.530033058219222e-14	-0.0009995000000000002	270.6296501183203
6.252046065076907e-7	-1.2504092130170487e-12	-0.001998	321.95433355946426
1.721628928860682e-6	-7.747330179925363e-12	-0.0029955000000000003	356.41988962643734
3.531631690763034e-6	-2.8253053526707e-11	-0.003992	383.1138945091981
6.165087247988563e-6	-7.706359060387077e-11	-0.004987500000000001	405.20501745286714
9.71808981072932e-6	-1.7492561661201973e-10	-0.005982	424.2078880155185
0.000014276975853499223	-3.497859084807173e-10	-0.006975500000000001	440.9750411632671
0.000019920682387750736	-6.374618366256104e-10	-0.007968	456.03805038259304
0.00002672227394674676	-1.0822520954349653e-9	-0.008959500000000002	469.7526328898116
0.0000347499999565625	-1.737499999276042e-9	-0.00995	482.36951061691946
0.00004406806349512723	-2.666117844708083e-9	-0.0109395	494.07259556299346
0.00005473720136495746	-3.941078505087121e-9	-0.011928	505.00110859687703
0.00006681513480383994	-5.645878904362139e-9	-0.012915500000000002	515.2631830172235
0.0000803569280920115	-7.874978978227562e-9	-0.013902	524.9446077931972
0.00009541527953305116	-1.0734218992753242e-8	-0.0148875	534.1146703874927
0.00011204076149299182	-1.4341217549425121e-8	-0.015872	542.8301947696536
0.00013028202122625097	-1.882575219822207e-8	-0.016855500000000002	551.1383992981443
0.00015018595095162886	-2.4330124267003807e-8	-0.017838000000000003	559.0789733577694
0.00017179783342428708	-3.100950926984967e-8	-0.0188195	566.6856174278129
0.0001951614677042577	-3.9032294061282135e-8	-0.0198	573.9872029086458
0.0002203192787202832	-4.858040174515288e-8	-0.020779500000000003	581.0086610455372
0.000247312413426469	-5.984960521754959e-8	-0.021758	587.7716812561234
0.00027618082575600004	-7.304983011599014e-8	-0.022735500000000002	594.2952432857059
0.0003069633521299844	-8.840544785766935e-8	-0.023712	600.5960502617146
0.00033969777893909386	-1.0615555937405149e-7	-0.0246875	606.6888929264067
0.0003744209031526109	-1.265542700849379e-7	-0.025662	612.5869343827611
0.00041116858700381665	-1.498709566001888e-7	-0.0266355	618.3019366296834
0.0004499758075381193	-1.7639052558990078e-7	-0.027608	623.8444349849599
0.0004908767016806056	-2.0641366522273342e-7	-0.028579500000000004	629.2239150533815
0.0005339046073752603	-2.402570895362209e-7	-0.02955	634.4489514386676
0.0005790921012632876	-2.782537760714438e-7	-0.0305195	639.5273207237823
0.0006264710332985768	-3.2075319707671383e-7	-0.031488	644.4660941616991
0.0006760725586411824	-3.681215445603804e-7	-0.032455500000000005	649.2717054243539
0.0007279271671222418	-4.2074194945104136e-7	-0.033422	653.9500319505776
0.0007820647105341673	-4.790146951039645e-7	-0.0343875	658.5064606578683
0.000838514427966692	-5.433574253750707e-7	-0.035352	662.9459403314553
0.0008973049693812979	-6.142053474681437e-7	-0.0363155	667.2730271784783
0.0009584644175927353	-6.920114297467877e-7	-0.037278	671.4919234519083
0.0010220203088060309	-7.772465946898371e-7	-0.0382395	675.606501682817
0.0010879996518400185	-8.703999071573364e-7	-0.0392	679.6203408878463
0.0011564289461534379	-9.719787581236143e-7	-0.0401595	683.5367594037284
0.0012273341987767516	-1.0825090440243647e-6	-0.041118	687.3588388109447
0.0013007409402416266	-1.2025353418558227e-6	-0.0420755	691.0894452443302
0.001376674239590273	-1.3326210801560552e-6	-0.043031999999999994	694.73124839067
0.0014551587185383324	-1.473348705990974e-6	-0.0439875	698.2867357745969
0.00153621856485755	-1.6253198480608419e-6	-0.044941999999999996	701.7582209752527
0.0016198775450379193	-1.789155476036773e-6	-0.0458955	705.1478646547981
0.0017061590162831988	-1.9654960562308814e-6	-0.046848	708.4576888084698
0.0017950859378886195	-2.1550017036983855e-6	-0.0477995	711.689587882163
0.001886680882045049	-2.3583523308649454e-6	-0.04875	714.8453388331485
0.0019809660441098887	-2.57624779276792e-6	-0.04969950000000001	717.9266102547026
0.0020779632523813623	-2.809408028995869e-6	-0.050648000000000006	720.9349706695282
0.0021776939774096928	-3.0585732024066557e-6	-0.0515955	723.8718945474075
0.0022801793408757684	-3.324503834700727e-6	-0.052542	726.738763304062
0.0023854401240653448	-3.6079809389226354e-6	-0.0534875	729.5368772765647
0.002493496775964525	-3.909806148960645e-6	-0.054432	732.2674630766978
0.0026043694210001575	-4.23080184611112e-6	-0.0553755	734.9316788576507
0.0027180778664469486	-4.571811282771589e-6	-0.056318	737.530619192066
0.002834641609521339	-4.933698703323585e-6	-0.057259500000000005	740.0653195644321
0.0029540798441807046	-5.317349462263928e-6	-0.058199999999999995	742.5367605150954
0.0030764114676450167	-5.723670139640635e-6	-0.0591395	744.9458714685918
0.0032016550866568183	-6.1535886538474e-6	-0.060078	747.293531647994
0.003329829023494256	-6.608054371828529e-6	-0.0610155	749.5805710218135
0.003460951321750804	-7.088038216744098e-6	-0.061952	751.8077777004714
0.0035950397518943887	-7.594532773143307e-6	-0.0628875	753.9759012407303
0.0037321118166177246	-8.12855238969211e-6	-0.063822	756.0856552851109
0.0038721847559908726	-8.691133279499611e-6	-0.06475550000000001	758.1377200215011
0.004015275552426277	-9.283333618086e-6	-0.065688	760.1327444781045
0.004161400935465877	-9.906233639033303e-6	-0.06661950000000001	762.0713486673458
0.004310577386399248	-0.000010560935727358849	-0.06755	763.9541255910328
0.00446282114272115	-0.000011248564510649837	-0.06847950000000001	765.7816431178534
0.00461814820243634	-0.000011970266947996191	-0.06940800000000001	767.5544449753563
0.004776574328219016	-0.000012727212416757612	-0.0703355	769.273048722976
0.004938115051433776	-0.00001352059279719952	-0.07126199999999999	770.9379503577122
0.005102785676024592	-0.000014351622555031403	-0.0721875	772.5496270844856
0.005270601282277905	-0.000015221538821880216	-0.073112	774.1085386724584
0.005441576730465558	-0.000016131601473730165	-0.0740355	775.6151287503383
0.00561572666437298	-0.000017083093207359422	-0.074958	777.0698260273861
0.005793065514717708	-0.000018077319614803302	-0.0758795	778.4730454452405
0.005973607502463045	-0.000019115609255872548	-0.0768	779.8251892652527
0.006157366642031388	-0.000020199313728754497	-0.07771950000000001	781.1266480955959
0.006344356744421505	-0.00002132980773872412	-0.078638	782.3778018603019
0.0065345914202337985	-0.00002250848916499107	-0.0795555	783.5790193823005
0.006728084082607407	-0.0000237367791257082	-0.080472	784.7306569885219
0.006924847950072719	-0.000025016122041166184	-0.0813875	785.83306228671
0.007124896049322787	-0.000026347985695198288	-0.082302	786.8865755211893
0.007328241217906848	-0.00002773386129481866	-0.08321550000000001	787.8915303127703
0.007534896106849069	-0.00002917526352811669	-0.084128	788.8482543598452
0.007744873183195407	-0.00003067373062042969	-0.0850395	789.7570701028226
0.0079581847324914	-0.000032230824388815216	-0.08595	790.6182953538853
0.008174842861193504	-0.00003384813029484402	-0.08685949999999999	791.4322438938963
0.008394859499016506	-0.00003552725749573407	-0.087768	792.1992260381446
0.008618246401219398	-0.00003726983889384543	-0.0886755	792.9195491201291
0.00884501515083196	-0.00003907753118455503	-0.089582	793.5935158010175
0.009075177160824274	-0.00004095201490253095	-0.0904875	794.2214237708089
0.009308743676221155	-0.00004289499446642345	-0.091392	794.8035689738531
0.009545725776163548	-0.00004490819822199189	-0.0922955	795.3402462459347
0.009786134375918711	-0.00004699337848368398	-0.093198	795.831749724573
0.010029980228840994	-0.00004915231157468507	-0.0940995	796.2783732369572
0.010277273928284932	-0.000051386797865453914	-0.095	796.680410666455
0.010528025909472258	-0.00005369866181076097	-0.09589950000000001	797.0381562985483
0.010782246451314452	-0.0000560897519852455	-0.09679800000000001	797.3519051470165
0.011039945678192246	-0.00005856194111750662	-0.0976955	797.6219532611143
0.011301133561693577	-0.00006111712612274357	-0.098592	797.8485977063374
0.011565819922311314	-0.00006375722813396008	-0.09948749999999999	798.0321335435942
0.011834014431102107	-0.00006648419253174735	-0.100382	798.1728554657391
0.012105726611307556	-0.00006929998897265917	-0.1012755	798.2710601787818
0.012380965839938942	-0.00007220661141619407	-0.102168	798.3270466516365
0.012659741349326698	-0.00007520607815039719	-0.1030595	798.3411163255819
0.012942062228635644	-0.00007830043181609534	-0.10395	798.3135733089173
0.013227937425347116	-0.00008149173942977834	-0.1048395	798.2447245572757
0.013517375746708983	-0.00008478209240513913	-0.105728	798.13488004006
0.013810385861154512	-0.00008817360657328509	-0.1066155	797.9843528934214
0.014106976299691067	-0.00009166842220163299	-0.107502	797.7934595624573
0.014407155457259473	-0.00009526870401149879	-0.10838750000000001	797.5625186662025
0.014710931594064992	-0.00009897664119439494	-0.109272	797.291847732343
0.015018312836880657	-0.00010279444742704544	-0.1101555	796.9817668964023
0.015329307180323873	-0.00010672436088513099	-0.111038	796.6325999970503
0.015643922488106927	-0.00011076864425577421	-0.1119195	796.2446746596172
0.01596216649426228	-0.00011492958474877648	-0.11279999999999998	795.8183223687598
0.01628404680434328	-0.00011920949410661628	-0.1136795	795.3538785305858
0.01660957089660094	-0.00012361070861321966	-0.11455800000000001	794.8516825245642
0.0169387461231376	-0.00012813558910151307	-0.1154355	794.3120777455177
0.01727157971103795	-0.00013278652095976824	-0.116312	793.735411636005
0.017608078763478134	-0.00013756591413674932	-0.1171875	793.1220360621713
0.01794825026081347	-0.00014247620314567064	-0.11806200000000001	792.4723059305611
0.018292101061645385	-0.0001475198470669765	-0.1189355	791.7865730267406
0.018639637903868148	-0.00015269932954995003	-0.119808	791.065192300425
0.018990867405695878	-0.0001580171588131617	-0.12067950000000001	790.3085227427492
0.019345796066670355	-0.00016347586764376562	-0.12155	789.5169273708647
0.01970443026865022	-0.00016907801339565258	-0.1224195	788.6907732048759
0.02006677627678187	-0.00017482617798646833	-0.123288	787.830431237385
0.020432840240452717	-0.00018072296789350557	-0.1241555	786.9362763958968
0.02080262819422711	-0.00018677101414847766	-0.12502200000000002	786.0086874983533
0.021176146058765385	-0.00019297297233118263	-0.1258875	785.0480472020425
0.021553399641726565	-0.00019933152256206504	-0.126752	784.0547419461444
0.02193439463865496	-0.00020584936949368353	-0.12761550000000002	783.0291618881554
0.02231913663385119	-0.0002125292423010921	-0.128478	781.9717008188948
0.022707631101227917	-0.00021937389467114257	-0.12933950000000002	780.8827526154632
0.023099883405150727	-0.00022638610479071479	-0.1302	779.7627085604341
0.023495898801264535	-0.00023356867533388416	-0.13105950000000002	778.6119629736662
0.023895682437305717	-0.00024092443344803056	-0.131918	777.4309134777055
0.02429923935390049	-0.00024845623073889824	-0.13277550000000002	776.2199609069582
0.02470657448534973	-0.00025616694325461287	-0.133632	774.9795092124301
0.025117692660400637	-0.0002640594714686618	-0.13448749999999998	773.7099653622703
0.02553259860300548	-0.00027213674026184593	-0.135342	772.4117392383394
0.025951296933067705	-0.0002804016989032075	-0.1361955	771.0852435290468
0.026373792167175853	-0.00028885732102994287	-0.137048	769.7308936186689
0.02680008871932532	-0.00029750660462630476	-0.13789949999999998	768.3491074733842
0.027230190901628433	-0.0003063525720015009	-0.13875	766.94030547483
0.027664102925013027	-0.00031539826976659593	-0.1395995	765.5049069271219
0.028101828899909736	-0.0003246467688104216	-0.140448	764.0433277699976
0.028543372836928347	-0.0003341011642745019	-0.1412955	762.5559855270859
0.028988738647523375	-0.00034376457552699887	-0.14214200000000002	761.0432996976664
0.029437930144649103	-0.00035364014613568494	-0.1429875	759.5056916314868
0.02989095104340437	-0.00036373104383994795	-0.14383200000000002	757.9435844017478
0.03034780496166723	-0.00037404046052183363	-0.14467549999999998	756.3574026764703
0.030808495420719843	-0.00038457161217613184	-0.145518	754.7475725884207
0.03127302584586359	-0.0003953277388795116	-0.1463595	753.1145216038084
0.03174139956702487	-0.00040631210475871134	-0.1472	751.4586783899258
0.03221361981935159	-0.0004175279979577878	-0.1480395	749.7804726819273
0.03268968974380053	-0.0004289787306044302	-0.148878	748.0803348865699
0.03316961238771604	-0.0004406676387753466	-0.1497155	746.3586914322117
0.033653390705399765	-0.00045259808246072127	-0.15055200000000002	744.6159652928789
0.034141027558672106	-0.00046477344552775675	-0.1513875	742.8525798597749
0.0346325257174252	-0.0004771971356832987	-0.15222200000000002	741.0689589426028
0.03512788786016776	-0.0004898725844355514	-0.1530555	739.2655266384222
0.035627116574561954	-0.0005028032470548887	-0.15388800000000002	737.4427072007752
0.036130214357952314	-0.0005159926025337637	-0.1547195	735.6009249092357
0.036637183617887134	-0.0005294441535457243	-0.15555000000000002	733.740603939524
0.03714802667263204	-0.0005431614264035351	-0.1563795	731.862168234328
0.03766274575167655	-0.000557147971016417	-0.15720800000000001	729.9660413749648
0.038181342996232916	-0.0005714073608463995	-0.15803550000000002	728.0526464540189
0.03870382045972831	-0.0005859431928638014	-0.15886200000000003	726.1224052483575
0.039230180108289624	-0.0006007590875018321	-0.1596875	724.1757333628129
0.03976042382122173	-0.000615858688610329	-0.160512	722.2130431146894
0.04029455339147885	-0.0006312456634086286	-0.1613355	720.2347458643328
0.040832570526129354	-0.0006469237024375756	-0.162158	718.241251903178
0.04137447684681413	-0.0006628965195106778	-0.1629795	716.2329703377846
0.04192027389019858	-0.000679167851664407	-0.1638	714.2103089755781
0.04246996310841841	-0.0006957414591076547	-0.1646195	712.173674212385
0.04302354586951924	-0.0007126211251703395	-0.165438	710.1234709218517
0.04358102345789021	-0.000729810656251176	-0.1662555	708.0601023468249
0.04414239707469181	-0.0007473138817646096	-0.167072	705.9839699927716
0.04470766783827776	-0.0007651346540869144	-0.1678875	703.8954735233102
0.045276836784611266	-0.0007832768485014645	-0.168702	701.795009319049
0.04584990486767569	-0.0008017443631431801	-0.16951549999999999	699.6829666080004
0.04642687295987979	-0.0008205411189421535	-0.170328	697.5597314161631
0.047007741852457374	-0.000839671059566453	-0.1711395	695.4256875784619
0.04759251225586195	-0.0008591381513641171	-0.17195000000000002	693.2812166460836
0.048181184800155895	-0.0008789463833043356	-0.1727595	691.1266977984081
0.04877376003539466	-0.0008990997669178236	-0.173568	688.9625077573768
0.04937023843200591	-0.0009196023362363929	-0.1743755	686.7890207043362
0.049970620381163726	-0.000940458147731721	-0.175182	684.606608199385
0.050574906195157976	-0.0009616712802533252	-0.1759875	682.4156391032559
0.05118309610775886	-0.0009832458349657417	-0.176792	680.2164795017479
0.05179519027457678	-0.0010051859352849149	-0.1775955	678.0094926242824
0.05241118877341764	-0.0010274957268137986	-0.178398	675.7950367511246
0.05303109160463353	-0.0010501793772771746	-0.1791995	673.5734632604283
0.05365489869146906	-0.0010732410764556892	-0.18000000000000002	671.3451201631726
0.05428260988040319	-0.0010966850361191136	-0.1807995	669.1103524042453
0.05491422494148674	-0.0011205154899588269	-0.181598	666.8695018044212
0.055549743568675855	-0.001144736693519531	-0.18239550000000002	664.6229070049199
0.05618916538016108	-0.001169352924130196	-0.18319200000000002	662.3709034145294
0.05683248991869229	-0.0011943684808342358	-0.1839875	660.1138231592988
0.05747971665189987	-0.0012197876843189287	-0.18478200000000003	657.8519950347771
0.0581308449726116	-0.0012456148768440725	-0.1855755	655.5857444607924
0.05878587419916587	-0.0012718544221698854	-0.18636800000000003	653.3153934387506
0.059444803575720795	-0.0012985107054841495	-0.18715949999999998	651.041260435667
0.06010763227255984	-0.0013255881333286113	-0.18795	648.7636579714509
0.06077435938639348	-0.0013530911335246235	-0.18873949999999998	646.4828925772753
0.061444983940657213	-0.0013810241550980457	-0.189528	644.1992672147825
0.062119504885806184	-0.001409391668203408	-0.1903155	641.9130812972843
0.06279792109960587	-0.0014381981640473223	-0.191102	639.6246306631253
0.06348023138741966	-0.0014674481548111683	-0.1918875	637.3342075513588
0.06416643448249276	-0.0014971461735730355	-0.192672	635.0421005797009
0.06485652904623262	-0.001527296774228936	-0.1934555	632.7485947247302
0.06555051366848635	-0.001557904531413292	-0.194238	630.4539713042907
0.0662483868678145	-0.0015889740404186868	-0.19501949999999998	628.1585079620652
0.06695014709176174	-0.0016205099171149007	-0.1958	625.8624786542737
0.06765579271712445	-0.0016525167978672164	-0.1965795	623.5661534332697
0.06836532205021502	-0.0016849993394540126	-0.197358	621.2697962303125
0.069078733327123	-0.0017179622189836328	-0.1981355	618.9736660187904
0.06979602471397346	-0.0017514101338105444	-0.198912	616.6780181172179
0.07051719430718198	-0.0017853478014507819	-0.1996875	614.3831041624318
0.07124224013370711	-0.0018197799594966842	-0.200462	612.0891721091652
0.07197116015129951	-0.0018547113655309193	-0.20123549999999998	609.7964662314288
0.07270395224874837	-0.0018901467970398045	-0.20200800000000002	607.5052271256424
0.07344061424612523	-0.0019260910513259288	-0.2027795	605.2156917154779
0.0741811438950245	-0.001962548945420064	-0.20355	602.9280932583591
0.07492553887880177	-0.001999525315992388	-0.2043195	600.6426613535757
0.075673796812809	-0.0020370250192630027	-0.20508800000000002	598.3596219519561
0.0764259152446273	-0.0020750529309117647	-0.2058555	596.0791972590148
0.07718189165429691	-0.002113613945987417	-0.206622	593.8016041784972
0.07794172345454473	-0.0021527129788160375	-0.2073875	591.5270548110907
0.07870540799100909	-0.0021923549629087914	-0.208152	589.2557576761135
0.07947294254246229	-0.0022325448508690097	-0.2089155	586.987917752045
0.08024432432103037	-0.002273287614298569	-0.209678	584.7237364952944
0.08101955047241065	-0.0023145882437036053	-0.2104395	582.4634118601779
0.0817986180760865	-0.00235645174839953	-0.2112	580.2071383200525
0.08258152414554037	-0.0023988831564153903	-0.21195949999999997	577.9551068895647
0.08336826562846382	-0.0024418875143975356	-0.212718	575.7075051479599
0.08415883940696549	-0.002485469887512614	-0.2134755	573.4645172634077
0.08495324229777694	-0.002529635359349908	-0.214232	571.226324018297
0.08575147105245597	-0.002574389031822987	-0.21498749999999997	568.9931028354478
0.08655352235758787	-0.0026197360250706974	-0.215742	566.7650278052017
0.08735939283498455	-0.0026656814773574912	-0.2164955	564.542269612211
0.08816907904188119	-0.0027122305449730796	-0.217248	562.3249941430054
0.08898257747113128	-0.0027593884021314386	-0.21799949999999998	560.1133634580666
0.08979988455139898	-0.00280716024086914	-0.21875	557.9075365295032
0.09062099664734984	-0.002855551270943034	-0.21949950000000001	555.7076691745909
0.09144591005983937	-0.002904566719727274	-0.220248	553.5139140876638
0.0922746210260994	-0.0029542118321096763	-0.22099549999999998	551.3264208725635
0.09310712571992277	-0.003004491870387448	-0.221742	549.1453360756018
0.09394342025184561	-0.0030554121141622326	-0.2224875	546.9708032189975
0.09478350066932842	-0.003106977860234544	-0.223232	544.8029628347452
0.09562736295693437	-0.0031591944224975167	-0.2239755	542.6419524988765
0.09647500303650632	-0.0032120671318300316	-0.224718	540.4879068660729
0.09732641676734177	-0.003265601335989194	-0.2254595	538.3409577045945
0.09818159994636604	-0.003319802399502161	-0.2262	536.2012339314824
0.09904054830830346	-0.003374675703557335	-0.2269395	534.0688616446673
0.09990325752584707	-0.0034302266458949206	-0.22767800000000002	531.9439633517259
0.1007697232098265	-0.0034864606406968357	-0.22841550000000002	529.8266582705058
0.1016399409093736	-0.003543383118475983	-0.22915200000000002	527.7170632242943
0.1025139061120873	-0.0036009995259649106	-0.2298875	525.615292381955
0.10339161424419592	-0.003659315326003809	-0.23062200000000002	523.5214572942874
0.10427306067071826	-0.0037183359974278934	-0.23135550000000002	521.4356669304175
0.10515824069562286	-0.00377806703495416	-0.23208800000000002	519.3580277141785
0.10604714956198581	-0.003838513949067502	-0.23281949999999998	517.2886435604593
0.10693978245214679	-0.003899682265906207	-0.23355	515.2276159114831
0.10783613448786353	-0.003961577527146828	-0.23427950000000003	513.1750437729903
0.10873620073046489	-0.0040242052898884296	-0.23500800000000002	511.1310237502928
0.1096399761810022	-0.004087571126536211	-0.2357355	509.0956499286885
0.11054745578039908	-0.004151680624684511	-0.236462	507.06901371398453
0.11145863440960001	-0.004216539386999196	-0.23718750000000002	505.05120424800106
0.11237350688971705	-0.004282153031099424	-0.237912	503.04230842414205
0.11329206798217543	-0.004348527189438798	-0.2386355	501.042410921911
0.11421431238885742	-0.004415667509185897	-0.23935800000000002	499.0515942417471
0.11514023475224505	-0.0044835796521042115	-0.24007950000000003	497.0699387395476
0.11606982965556115	-0.004552269294431442	-0.24080000000000001	495.0975226608538
0.11700309162290923	-0.00462174212675821	-0.2415195	493.13442217467343
0.11794001511941177	-0.004692003853906142	-0.242238	491.1807114069197
0.11888059455134753	-0.004763060194805366	-0.24295550000000005	489.2364624734441
0.11982482426628686	-0.0048349168823713685	-0.24367200000000003	487.30174545497783
0.12077269855322655	-0.004907579663381297	-0.2443875	485.37662831474717
0.12172421164272272	-0.004981054298349608	-0.24510200000000001	483.4611771460371
0.12267935770702253	-0.00505534656140314	-0.24581550000000005	481.55545616732826
0.12363813086019505	-0.005130462240155586	-0.24652800000000002	479.6595277493345
0.12460052515826024	-0.005206407135581356	-0.2472395	477.7734524452272
0.12556653459931746	-0.0052831870618888594	-0.24794999999999998	475.89728902031425
0.12653615312367167	-0.00536080784639315	-0.2486595	474.0310944811622
0.12750937461395975	-0.0054392753293880354	-0.24936799999999998	472.174924104144
0.1284861928952745	-0.005518595364017534	-0.2500755	470.3288314633947
0.12946660173528826	-0.005598773816146784	-0.250782	468.4928684581633
0.1304505948443749	-0.005679816564232339	-0.2514875	466.66708532160527
0.13143816587573076	-0.005761729499191858	-0.25219199999999997	464.8515306198276
0.13242930842549464	-0.005844518524273255	-0.2528955	463.0462513971641
0.13342401603286647	-0.0059281895549232	-0.253598	461.25129313369
0.1344222821802252	-0.0060127485186550885	-0.2542995	459.46669976138037
0.13542410029324503	-0.0060982013549163855	-0.255	457.69251368754806
0.13642946374101123	-0.006184554014955406	-0.2556995	455.92877581758944
0.1374383658361345	-0.00627181246168751	-0.25639799999999996	454.17552557702845
0.13845079983486427	-0.006359982669560703	-0.2570955	452.4328009328504
0.1394667589372013	-0.00644907062442068	-0.25779199999999997	450.70063841411763
0.14048623628700896	-0.006539082323375263	-0.2584875	448.97907313185925
0.1415092249721236	-0.0066300237746582886	-0.25918199999999997	447.26813879354137
0.14253571802446402	-0.006721900997492887	-0.2598755	445.56786775105513
0.1435657084201398	-0.006814720021954218	-0.26056799999999997	443.8782911121284
0.14459918907955877	-0.006908486888831595	-0.26125950000000003	442.1994386494375
0.14563615286753365	-0.00700320764949009	-0.26195	440.5313388018924
0.14667659259338736	-0.007098888365731492	-0.2626395	438.87401868999973
0.14772050101105802	-0.007195535109654779	-0.263328	437.22750413046776
0.14876787081920245	-0.007293153963515938	-0.2640155	435.59181965005
0.149818694661299	-0.007391751019587279	-0.264702	433.96698849862776
0.15087296512574974	-0.007491332380016152	-0.2653875	432.3530326615303
0.15193067474598124	-0.007591904156683094	-0.266072	430.7499728710963
0.152991816000545	-0.007693472471059428	-0.26675550000000003	429.15782861624257
0.15405638131321675	-0.007796043454064285	-0.267438	427.57661820237814
0.15512436305309493	-0.00789962324592107	-0.2681195	426.0063588763159
0.15619575353469858	-0.008004217996013353	-0.2688	424.4470666908997
0.1572705450180638	-0.008109833862740216	-0.26947950000000004	422.89875648525594
0.15834872970884042	-0.008216477013371038	-0.270158	421.3614418917781
0.15943029975838674	-0.008324153623899691	-0.2708355	419.83513534237886
0.16051524726386432	-0.008432869878898233	-0.271512	418.31984807402506
0.1616035642683316	-0.008542631971369995	-0.2721875	416.81559013355684
0.1626952427608369	-0.008653446102602125	-0.272862	415.32237038180693
0.1637902746765107	-0.008765318482017613	-0.27353550000000004	413.8401964970285
0.16488865189665675	-0.008878255327026689	-0.274208	412.3690749773391
0.16599036624884342	-0.008992262862877756	-0.2748795	410.9090111871199
0.16709540950699306	-0.009107347322507698	-0.27555	409.46000951394643
0.16820377339147186	-0.009223514946391675	-0.2762195	408.0220732092929
0.16931544956917796	-0.009340771982392373	-0.276888	406.5952043392433
0.17043042965362973	-0.009459124685608668	-0.2775555	405.17940378396486
0.17154870520505283	-0.009578579318223793	-0.278222	403.77467123659926
0.17267026773046684	-0.009699142149352927	-0.2788875	402.38100520159
0.17379510868377096	-0.009820819454890231	-0.279552	400.9984029924684
0.17492321946582962	-0.009943617517355374	-0.2802155	399.6268607291164
0.1760545914245568	-0.010067542625739494	-0.280878	398.26637333453124
0.17718921585500003	-0.0101926010753506	-0.2815395	396.91693453111617
0.1783270839994238	-0.010318799167658472	-0.2822	395.57853686664754
0.17946818704739217	-0.01044614321013899	-0.28285950000000004	394.2511718924089
0.18061251613585125	-0.010574639516117937	-0.283518	392.93483001493263
0.18176006234921016	-0.010704294404614264	-0.2841755	391.6295004083013
0.1829108167194226	-0.010835114200182813	-0.28483200000000003	390.3351710083373
0.18406477022606663	-0.010967105232756498	-0.2854875	389.0518285064929
0.18522191379642478	-0.01110027383748796	-0.286142	387.7794583434605
0.18638223830556355	-0.011234626354590709	-0.28679550000000004	386.51804470253563
0.1875457345764113	-0.011370169129179672	-0.28744800000000004	385.2675705027654
0.18871239337983725	-0.011506908511111271	-0.2880995	384.0280173919138
0.18988220543472853	-0.01164485085482294	-0.28875	382.799365739277
0.19105516140806747	-0.011784002519172112	-0.28939950000000003	381.5815946436611
0.19223125191500803	-0.01192436986727468	-0.29004800000000003	380.3746821132638
0.19341046751895224	-0.012065959266342956	-0.2906955	379.17860496715235
0.19459279873162522	-0.012208777087523036	-0.291342	377.99333870188303
0.19577823601315045	-0.012352829705731703	-0.2919875	376.818857482896
0.19696676977212452	-0.012498123499492779	-0.292632	375.6551341370936
0.1981583903656909	-0.012644664850772952	-0.29327549999999997	374.5021401455289
0.19935308809961394	-0.012792460144817091	-0.29391799999999996	373.3598456362408
0.20055085322835162	-0.01294151576998301	-0.2945595	372.2282193772754
0.20175167595512852	-0.013091838117575744	-0.2952	371.1072287699317
0.20295554643200825	-0.013243433581681294	-0.2958395	369.99683984226874
0.20416245475996478	-0.01339630855899983	-0.29647799999999996	368.89701725059837
0.20537239098895443	-0.013550469448678411	-0.2971155	367.80772444194514
0.20658534511798615	-0.013705922652143149	-0.297752	366.72892361653476
0.20780130709519284	-0.013862674572930903	-0.29838749999999997	365.66057556500175
0.20902026681790106	-0.014020731616520404	-0.29902199999999995	364.6026396591035
0.2102422141327008	-0.014180100190162914	-0.2996555	363.5550738475444
0.21146713883551493	-0.01434078670271231	-0.300288	362.51783465233314
0.21269503067166817	-0.014502797564454745	-0.3009195	361.49087716571137
0.21392587933595567	-0.014666139186937691	-0.30155	360.4741550476872
0.2151596744727113	-0.014830817982798568	-0.3021795	359.4676205242093
0.21639640567587565	-0.014996840365592809	-0.302808	358.4712243860135
0.21763606248906286	-0.015164212749621368	-0.3034355	357.48491596982643
0.2188786344056288	-0.015332941549757867	-0.304062	356.5086432356617
0.2201241108687371	-0.015503033181275085	-0.3046875	355.5423530098733
0.22137248127142609	-0.015674494059671012	-0.30531200000000003	354.5859906954686
0.2226237349566747	-0.015847330600494394	-0.3059355	353.6395002417038
0.22387786121746828	-0.016021549219169744	-0.306558	352.70282414761334
0.22513484929686442	-0.0161971563308219	-0.3071795	351.7759034664272
0.22639468838805793	-0.01637415835010002	-0.3078	350.8586778109023
0.22765736763444566	-0.016552561691001125	-0.3084195	349.95108535958656
0.22892287612969142	-0.016732372766693097	-0.309038	349.0530628640383
0.23019120291779013	-0.016913597989337226	-0.30965550000000003	348.16454565701713
0.23146233699313176	-0.017096243769910213	-0.31027200000000005	347.285467661664
0.23273626730056543	-0.017280316518025696	-0.3108875	346.41576140168354
0.23401298273546262	-0.017465822641755294	-0.311502	345.55535801254183
0.2352924721437806	-0.017652768547449096	-0.3121155	344.70418732689603
0.23657472432212545	-0.017841160639555743	-0.312728	343.86217804145724
0.2378597280178144	-0.018031005320441922	-0.3133395	343.0292575194656
0.2391474719289392	-0.01822230899021145	-0.31395	342.20535176332885
0.24043794470442745	-0.018415078046523804	-0.3145595	341.3903854311436
0.24173113494410514	-0.018609318884412175	-0.315168	340.5842818542458
0.24302703119875846	-0.018805037896101065	-0.3157755	339.78696305582105
0.24432562197019528	-0.019002241470823345	-0.316382	338.99834977056804
0.24562689571130678	-0.019200935994636858	-0.31698750000000003	338.21836146540977
0.24693084082612787	-0.01940112785024048	-0.31759200000000004	337.4469163612415
0.2482374456698997	-0.019602823416789834	-0.3181955	336.68393145570604
0.24954669854912873	-0.019806029069712294	-0.31879799999999997	335.9293225469791
0.2508585877216485	-0.020010751180521726	-0.3193995	335.18300429588686
0.2521731013966797	-0.020216996116632607	-0.32000000000000006	334.4448903923185
0.25349022773489027	-0.02042477024117369	-0.32059950000000004	333.71489343390874
0.2548099548484559	-0.020634079912801223	-0.321198	332.9929248957427
0.2561322708011197	-0.02084493148551166	-0.3217955	332.27889515912796
0.2574571636082518	-0.021057331308453865	-0.322392	331.57271354126635
0.2587846212369094	-0.021271285725740892	-0.32298750000000004	330.8742883258002
0.2601146316058959	-0.021486801076261247	-0.323582	330.1835267942014
0.26144718258582056	-0.021703883693489686	-0.3241755	329.5003352579722
0.2627822619991574	-0.02192253990529753	-0.32476800000000006	328.8246190916237
0.26411985762030427	-0.022142776033762492	-0.3253595	328.1562827663978
0.2654599571756423	-0.022364598394978084	-0.32595	327.4952298846911
0.2668025483435943	-0.022588013298862477	-0.32653950000000004	326.84136325263256
0.26814761875468346	-0.022813027048966924	-0.32712800000000003	326.1945850072057
0.2694951559915923	-0.023039645942283724	-0.3277155	325.5547965289867
0.2708451475892209	-0.023267876269053685	-0.328302	324.9218984451517
0.2721975810347457	-0.023497724312573142	-0.3288875	324.2957906671443
0.27355244376767746	-0.023729196349000493	-0.32947200000000004	323.6763724288153
0.2749097231799197	-0.02396229864716222	-0.3300555	323.06354232499274
0.2762694066158271	-0.02419703746835862	-0.330638	322.4571983504346
0.27763148137226334	-0.02443341906616878	-0.3312195	321.85723793911933
0.27899593469865924	-0.02467144968625536	-0.3318	321.26355800382754
0.2803627537970709	-0.02491113556616876	-0.3323795	320.6760549759673
0.28173192582223744	-0.025152482935150863	-0.332958	320.0946248456338
0.2831034378816389	-0.025395498013938284	-0.3335355	319.51916323111044
0.28447727703555437	-0.02564018701456529	-0.334112	318.9495654611761
0.2858534302971197	-0.02588655614016604	-0.33468749999999997	318.3857265320605
0.2872318846323849	-0.026134611584776556	-0.335262	317.82754113215293
0.28861262696037254	-0.02638435953313614	-0.3358355	317.27490368266746
0.28999564415313495	-0.026635806160488343	-0.336408	316.7277083782297
0.2913809230358123	-0.026888957632381544	-0.3369795	316.1858492273412
0.2927684503866899	-0.027143820104468943	-0.33755	315.6492200926727
0.29415821293725647	-0.027400399722308254	-0.33811949999999996	315.11771473114266
0.29555019737226124	-0.027658702621160828	-0.338688	314.5912268337361
0.29694439032977193	-0.02791873492579034	-0.3392555	314.06965006502054
0.29834077840123274	-0.028180502750261117	-0.339822	313.5528781023784
0.2997393481315215	-0.02844401219773588	-0.3403875	313.0408046872095
0.3011400860190076	-0.028709269360273137	-0.34095200000000003	312.5333236666777
0.3025429785156102	-0.02897628031862409	-0.34151549999999997	312.0303289946496
0.3039480120268555	-0.029245051142029098	-0.342078	311.5317147648477
0.3053551729119346	-0.029515587888013683	-0.3426395	311.03737524807013
0.30676444748376164	-0.029787896602184095	-0.3432	310.5472049288367
0.30817582200903176	-0.030061983318022505	-0.3437595	310.0610985414213
0.3095892827082784	-0.030337854056681563	-0.344318	309.5789511052403
0.31100481575593225	-0.030615514826778767	-0.3448755	309.10065795956285
0.3124224072803786	-0.03089497162419019	-0.345432	308.62611479751325
0.31384204336401605	-0.031176230431843876	-0.3459875	308.1552176993376
0.3152637100433138	-0.031459297219512704	-0.346542	307.6878631648206
0.3166873933088716	-0.03174417794360699	-0.3470955	307.2239481346644
0.3181130791054757	-0.03203087854696635	-0.347648	306.76337000291454
0.31954075333215975	-0.0323194049586515	-0.3481995	306.3060266526443
0.3209704018422617	-0.03260976309373532	-0.34875	305.85181648647
0.32240201044348316	-0.0329019588530936	-0.3492995	305.4006384552353
0.3238355648979478	-0.033195998123195396	-0.349848	304.9523920857967
0.3252710509222603	-0.03349188677589286	-0.35039549999999997	304.506977507896
0.32670845418756544	-0.03378963066821076	-0.35094200000000003	304.0642954801028
0.3281477603196066	-0.034089235642135354	-0.3514875	303.6242474148147
0.3295889548987857	-0.034390707524403145	-0.352032	303.1867354023028
0.331032023460222	-0.034694052126288934	-0.3525755	302.75166223379296
0.3324769514938114	-0.03499927524339359	-0.35311800000000004	302.3189314230316
0.3339237244442866	-0.03530638265543138	-0.3536595	301.8884471936751
0.3353723277112757	-0.03561538012601677	-0.3542	301.46011447570226
0.3368227466493636	-0.03592627340245106	-0.3547395	301.0338389614048
0.3382749665681501	-0.03623906821550817	-0.35527800000000004	300.60952712645155
0.3397289727323117	-0.036553770279220535	-0.3558155	300.1870862473528
0.3411847503616606	-0.036870385290664096	-0.356352	299.7664244179251
0.3426422846312063	-0.03718891892974322	-0.3568875	299.3474505647575
0.34410156067121495	-0.03750937685897498	-0.357422	298.9300744616816
0.34556256356727105	-0.03783176472327312	-0.3579555	298.5142067432501
0.347025278360338	-0.03815608814973164	-0.35848800000000003	298.0997589172262
0.3484896900468192	-0.03848235274740785	-0.3590195	297.6866433760925
0.3499557835786199	-0.038810564107105164	-0.35955000000000004	297.27477340900856
0.35142354386320734	-0.039140727801155246	-0.3600795	296.8640631942534
0.3528929557636742	-0.03947284938320011	-0.36060800000000004	296.45442771892175
0.354364004098799	-0.03980693438797337	-0.3611355	296.0457828572067
0.355836673643109	-0.04014298833108151	-0.36166200000000004	295.6380453949721
0.35731094912694195	-0.04048101670878439	-0.3621875	295.23113303580675
0.35878681523650924	-0.0408210249977756	-0.36271200000000003	294.8249644061597
0.3602642566139583	-0.04116301865496233	-0.3632355	294.41945905957175
0.36174325785743466	-0.04150700311724468	-0.363758	294.01453748001467
0.36322380352114664	-0.04185298380129485	-0.3642795	293.61012108435625
0.3647058781154275	-0.04220096610333572	-0.3648	293.20613222396327
0.36618946610680014	-0.0425509553989192	-0.3653195	292.8024941854604
0.3676745519180393	-0.04290295704270387	-0.365838	292.3991311906607
0.3691611199282375	-0.04325697636823264	-0.36635549999999995	291.9959683956858
0.3706491544728681	-0.04361301868770969	-0.366872	291.592931889291
0.37213863984385037	-0.04397108929177719	-0.36738750000000003	291.1899486904165
0.373629560289614	-0.044331193449291505	-0.367902	290.78694668859794
0.3751219000151649	-0.044693336407099174	-0.36841549999999995	290.3838545765944
0.3766156431821497	-0.045057523389812296	-0.368928	289.98060195503206
0.37811077390892145	-0.04542375959958363	-0.36943950000000003	289.5771193247239
0.3796072762706066	-0.04579205021588141	-0.36995	289.17333808078155
0.3811051342991697	-0.046162400395263564	-0.37045949999999994	288.76919050606284
0.38260433198348076	-0.046534815271151664	-0.370968	288.3646097639718
0.3841048532693816	-0.04690929995360448	-0.3714755	287.95952989062613
0.385606682059753	-0.04728585952909122	-0.371982	287.5538857864141
0.38710980221458213	-0.04766449906026419	-0.37248749999999997	287.14761320696016
0.3886141975510298	-0.04804522358573129	-0.372992	286.74064875351837
0.39011985184349923	-0.04842803811982807	-0.37349550000000004	286.33292986281316
0.3916267488237025	-0.04881294765238921	-0.373998	285.9243947963472
0.3931348721807313	-0.04919995714852	-0.3744995	285.51498262919546
0.39464420556112434	-0.04958907154836714	-0.375	285.1046332383035
0.39615473256893646	-0.0499802957668892	-0.37549950000000004	284.6932872498457
0.3976664367658092	-0.05037363469362693	-0.375998	284.2808859137169
0.3991793016710393	-0.05076909319247285	-0.3764955	283.8673712904757
0.40069331076165005	-0.051166676101440885	-0.376992	283.4526861917608
0.40220844747246065	-0.05156638823243513	-0.37748750000000003	283.03677415886796
0.403724695196158	-0.05196823437101879	-0.377982	282.61957944853367
0.40524203728336733	-0.052372219276182325	-0.37847549999999996	282.2010470183469
0.40676045704272346	-0.05277834768011144	-0.378968	281.7811225118076
0.40827993774094345	-0.05318662428795468	-0.3794595	281.359752243047
0.40980046260289843	-0.053597053777590664	-0.37995	280.93688318122946
0.41132201481168584	-0.05400964079939491	-0.3804395	280.5124629218343
0.41284457750870257	-0.05442438997600628	-0.380928	280.0864396267621
0.41436813379371923	-0.05484130590209335	-0.3814155	279.6587620508268
0.4158926667249518	-0.05526039314411987	-0.381902	279.2293795351208
0.41741815931913795	-0.055681656240110504	-0.3823875	278.79824198984153
0.41894459455160976	-0.05610509969941572	-0.382872	278.3652998771182
0.42047195535636955	-0.0565307280024766	-0.3833555	277.93050419362123
0.4220002246261647	-0.05695854560058918	-0.383838	277.49380645296776
0.4235293852125634	-0.05738855691566855	-0.3843195	277.05515866793513
0.42505941992603075	-0.05782076634001251	-0.38480000000000003	276.6145133324975
0.42659031153600463	-0.05825517823606479	-0.38527950000000005	276.1718233876361
0.42812204277097343	-0.05869179693617827	-0.385758	275.72704217777294
0.42965459631855274	-0.059130626742377505	-0.38623549999999995	275.2801234693167
0.4311879548255629	-0.05957167192612101	-0.386712	274.8310214340627
0.4327221008981072	-0.06001493672806328	-0.3871875	274.3796906305005
0.4342570171016507	-0.06046042535781646	-0.387662	273.92608598502824
0.4357926859610986	-0.06090814199371157	-0.38813549999999997	273.4701627730615
0.43732908996087616	-0.06135809078255955	-0.388608	273.0118766000495
0.4388662115450079	-0.061810275839411795	-0.3890795	272.5511833824044
0.44040403311719845	-0.06226470124732061	-0.38955	272.0880393282829
0.4419425370409126	-0.06272137105709896	-0.39001949999999996	271.622400901653
0.44348170563945677	-0.06318028928708033	-0.390488	271.15422479723543
0.4450215211960605	-0.0636414599228779	-0.39095550000000007	270.6834679438691
0.44656196595395864	-0.06410488691714358	-0.391422	270.21008748362584
0.4481030221164735	-0.06457057418932671	-0.3918875	269.73404075239444
0.44964467184709844	-0.06503852562543241	-0.39235200000000003	269.25528526042854
0.4511868972695798	-0.06550874507777939	-0.39281550000000004	268.7737786728666
0.45272968046800294	-0.06598123636475804	-0.393278	268.28947879022866
0.4542730034868747	-0.0664560032705875	-0.39373949999999996	267.8023435288946
0.45581684833120956	-0.06693304954507287	-0.3942	267.3123309011868
0.4573611969666138	-0.06741237890336192	-0.39465950000000005	266.81939898326766
0.45890603131937235	-0.06789399502570162	-0.395118	266.3235059031663
0.4604513332765346	-0.06837790155719414	-0.39557549999999997	265.82460982845674
0.461997084686001	-0.06886410210755278	-0.396032	265.32266894432223
0.46354326735661106	-0.06935260025085752	-0.39648750000000005	264.817641434022
0.46508986305823	-0.06984339952531007	-0.396942	264.3094854593672
0.46663685352183865	-0.070336503432989	-0.3973955	263.7981591412134
0.4681842204396206	-0.07083191543960417	-0.39784800000000003	263.2836205399717
0.46973194546505254	-0.07132963897425111	-0.39829950000000003	262.7658276361393
0.471280010212994	-0.07182967742916509	-0.39875	262.2447383102225
0.47282839625977724	-0.07233203415947471	-0.3991995	261.7203103196131
0.474377085143299	-0.07283671248295544	-0.399648	261.1925012912355
0.4759260583631111	-0.07334371567978262	-0.40009550000000005	260.6612686966241
0.4774752973805126	-0.07385304699228445	-0.400542	260.12656983063795
0.47902478361864287	-0.0743647096246944	-0.4009875	259.5883617921835
0.4805744984625738	-0.07487870674290349	-0.401432	259.0466014649792
0.48212442325940386	-0.07539504147421236	-0.40187550000000005	258.50124549836687
0.4836745393183523	-0.07591371690708283	-0.402318	257.9522502881714
0.48522482791085375	-0.07643473609088938	-0.4027595	257.3995719576118
0.48677527027065315	-0.07695810203567024	-0.4032	256.8431663379853
0.4883258475939024	-0.07748381771187834	-0.40363950000000004	256.28298895818045
0.48987654103925543	-0.0780118860501316	-0.40407800000000005	255.71899503337943
0.4914273317279667	-0.07854230994096359	-0.4045155	255.15113943229903
0.49297820074398746	-0.07907509223457332	-0.40495200000000003	254.57937665728127
0.49452912913406466	-0.07961023574057503	-0.40538750000000007	254.0036608256158
0.4960800979078388	-0.08014774322774765	-0.405822	253.423945650949
0.49763108803794404	-0.08068761742378407	-0.4062555	252.84018442478825
0.4991820804601083	-0.08122986101504015	-0.40668800000000005	252.25232999810757
0.5007330560732519	-0.0817744766462831	-0.4071195000000001	251.6603347630642
0.502283995739591	-0.0823214669204404	-0.40755	251.06415064017477
0.5038348802847373	-0.08287083439834744	-0.4079795	250.46372908404803
0.5053856904978017	-0.0834225815984958	-0.40840800000000005	249.85902104006001
0.506936407131496	-0.08397671099678072	-0.4088355000000001	249.24997692333218
0.5084870109022374	-0.08453322502624853	-0.409262	248.63654660184528
0.5100374824902516	-0.08509212607684379	-0.4096875	248.01867937907036
0.5115878025396784	-0.08565341649515623	-0.41011200000000003	247.3963239768024
0.5131379516586766	-0.08621709858416737	-0.4105355	246.76942852344274
0.51468791041953	-0.08678317460299688	-0.410958	246.13794055852486
0.5162376593587538	-0.08735164676664879	-0.4113795	245.5018069987775
0.5177871789772024	-0.08792251724575739	-0.41179999999999994	244.86097411415724
0.5193364497401765	-0.08849578816633281	-0.41221949999999996	244.215387512042
0.5208854520775318	-0.08907146160950664	-0.412638	243.56499212177656
0.5224341663837891	-0.089649539611277	-0.41305549999999996	242.90973217974954
0.5239825730182427	-0.09023002416225356	-0.41347199999999995	242.2495512308343
0.5255306523050716	-0.09081291720740221	-0.41388749999999996	241.58439212894956
0.5270783845334507	-0.0913982206457897	-0.414302	240.91419699704775
0.5286257499576621	-0.09198593633032774	-0.41471549999999996	240.23890721078445
0.5301727287972082	-0.09257606606751725	-0.41512799999999994	239.55846338604243
0.5317193012369238	-0.09316861161719203	-0.4155395	238.87280536713098
0.5332654474270915	-0.09376357469226251	-0.41595000000000004	238.18187221787835
0.5348111474835536	-0.09436095695845895	-0.4163595	237.4856022429048
0.5363563814878307	-0.09496076003407486	-0.41676799999999997	236.78393297207063
0.5379011294872342	-0.09556298548970983	-0.4171755	236.07680112698836
0.5394453714949845	-0.09616763484801219	-0.417582	235.36414261303452
0.5409890874903284	-0.0967747095834218	-0.4179875	234.64589251321595
0.5425322574186557	-0.09738421112191205	-0.41839199999999993	233.9219850833171
0.5440748611916196	-0.09799614084073244	-0.4187955	233.1923537587198
0.5456168786872543	-0.09861050006815	-0.419198	232.45693119498065
0.5471582897500955	-0.09922729008319135	-0.4195995	231.71564923318007
0.5486990741913024	-0.09984651211538423	-0.42	230.96843888530555
0.5502392117887768	-0.10046816734449854	-0.4203995	230.2152303378903
0.551778682287287	-0.10109225690028778	-0.420798	229.4559529578599
0.5533174653985901	-0.10171878186222988	-0.4211955	228.69053530102588
0.5548555408015557	-0.10234774325926793	-0.42159199999999997	227.91890515428048
0.5563928881422902	-0.10297914206955082	-0.4219875	227.14098958172758
0.5579294870342613	-0.1036129792201735	-0.42238200000000004	226.3567148876753
0.5594653170584246	-0.10424925558691726	-0.42277549999999997	225.56600662975944
0.5610003577633502	-0.10488797199398987	-0.42316799999999993	224.7687896431346
0.5625345886653486	-0.1055291292137651	-0.4235595	223.96498806879637
0.5640679892486004	-0.1061727279665228	-0.42395000000000005	223.15452539069005
0.5656005389652842	-0.106818768920188	-0.4243395	222.33732453954747
0.5671322172357058	-0.10746725269007053	-0.42472799999999994	221.5133079252389
0.5686630034484295	-0.10811817983860394	-0.4251155	220.6823974313879
0.5701928769604081	-0.10877155087508476	-0.42550200000000005	219.8445144692969
0.5717218170971153	-0.10942736625541102	-0.4258875	218.9995800405959
0.5732498031526783	-0.11008562638182119	-0.426272	218.1475148076289
0.5747768143900105	-0.11074633160263249	-0.4266555	217.28823920575888
0.5763028300409464	-0.11140948221197938	-0.42703800000000003	216.42167361290845
0.577827829306376	-0.11207507844955164	-0.4274195	215.5477383525037
0.579351791356381	-0.11274312050033258	-0.42779999999999996	214.66635378701432
0.58087469533037	-0.11341360849433663	-0.4281795	213.77744043959206
0.5823965203372177	-0.11408654250634752	-0.42855800000000005	212.88091913388914
0.5839172454554014	-0.11476192255565557	-0.4289355	211.97671123428248
0.5854368497331401	-0.11543974860579523	-0.42931199999999997	211.06473880277053
0.586955312188535	-0.11612002056428251	-0.4296875	210.14492470129386
0.5884726118097087	-0.11680273828235203	-0.43006200000000006	209.21719279070817
0.5899887275549479	-0.1174879015546943	-0.4304355	208.2814681540506
0.5915036383528436	-0.11817551011919228	-0.43080799999999997	207.3376774177122
0.5930173231024363	-0.11886556365665867	-0.4311795	206.38574910327085
0.5945297606733572	-0.11955806179057214	-0.43155000000000004	205.42561379286374
0.5960409299059748	-0.12025300408681411	-0.4319195	204.45720443946365
0.5975508096115396	-0.12095039005340537	-0.43228799999999995	203.48045672871396
0.5990593785723295	-0.1216502191402419	-0.4326555	202.49530952070072
0.6005666155417979	-0.12235249073883159	-0.433022	201.501705468503
0.602072499244721	-0.12305720418202992	-0.4333875	200.4995913520089
0.6035770083773464	-0.12376435874377636	-0.43375199999999997	199.48891853845936
0.6050801216075432	-0.12447395363882979	-0.4341155	198.46964356495425
0.6065818175749518	-0.12518598802250475	-0.43447800000000003	197.44172879584934
0.6080820748911353	-0.12590046099040667	-0.4348395	196.405143360113
0.6095808721397319	-0.1266173715781678	-0.4352	195.3598638685116
0.6110781878766074	-0.12733671876118238	-0.4355595	194.30587508171405
0.6125740006300094	-0.12805850145434247	-0.435918	193.243170839483
0.6140682889007217	-0.12878271851177267	-0.4362755	192.17175508903742
0.6155610311622196	-0.1295093687265658	-0.43663199999999996	191.09164322703813
0.6170522058608272	-0.1302384508305178	-0.43698750000000003	190.00286350380318
0.6185417914158738	-0.13096996349386283	-0.43734200000000006	188.9054580443749
0.6200297662198528	-0.1317039053250084	-0.4376955	187.79948430289997
0.6215161086385799	-0.1324402748702699	-0.438048	186.68501670079098
0.6230007970113537	-0.1331790706136058	-0.4383995	185.56214855299962
0.6244838096511165	-0.13392029097635208	-0.43875000000000003	184.4309945123347
0.6259651248446153	-0.1346639343169571	-0.43909950000000003	183.2916923085288
0.6274447208525656	-0.1354099989307163	-0.43944799999999995	182.14440495127397
0.6289225759098144	-0.13615848304950656	-0.4397955	180.98932332977728
0.6303986682255039	-0.1369093848415208	-0.44014200000000003	179.8266691875538
0.6318729759832374	-0.13766270241100229	-0.44048750000000003	178.6566988191025
0.6333454773412465	-0.1384184337979794	-0.44083199999999995	177.47970591130743
0.6348161504325567	-0.1391765769779996	-0.4411755	176.2960251377523
0.6362849733651555	-0.13993712986186366	-0.441518	175.10603664765102
0.6377519242221635	-0.14070009029536054	-0.4418595	173.91017049808698
0.6392169810620013	-0.1414654560590008	-0.4422	172.7089110671548
0.6406801219185629	-0.14223322486775133	-0.44253950000000003	171.50280267962802
0.6421413248013857	-0.1430033943707693	-0.44287800000000005	170.292455513176
0.6436005676958246	-0.14377596215113636	-0.4432155	169.07855116844502
0.6450578285632247	-0.14455092572559258	-0.443552	167.86184960205622
0.6465130853410955	-0.14532828254427047	-0.4438875	166.6431967740476
0.6479663159432879	-0.14610802999042943	-0.44422200000000006	165.42353156375597
0.64941749826017	-0.14689016538018934	-0.4445555	164.20389409549983
0.6508666101588033	-0.14767468596226466	-0.44488799999999995	162.98543516052428
0.6523136294831234	-0.1484615889176986	-0.4452195	161.76942455701467
0.6537585340541175	-0.14925087135959694	-0.44555000000000006	160.55726061425509
0.6552013016700051	-0.15004253033286194	-0.44587950000000004	159.3504812380723
0.6566419101064201	-0.15083656281392666	-0.446208	158.15077342485768
0.6580803371165919	-0.15163296571048857	-0.44653550000000003	156.95998323666618
0.6595165604315293	-0.15243173586124362	-0.44686200000000004	155.7801271877607
0.6609505577602044	-0.15323287003562042	-0.4471875	154.61340184016473
0.662382306789738	-0.15403636493351403	-0.44751199999999997	153.46219284281253
0.6638117851855854	-0.1548422171850201	-0.4478355	152.32908489078707
0.6652389705917241	-0.1556504233501688	-0.44815800000000006	151.21686970832846
0.6666638406308412	-0.15646097991865895	-0.44847950000000003	150.12855024606523
0.6680863729045226	-0.15727388330959205	-0.4488	149.06734430067073
0.6695065449934442	-0.15808912987120646	-0.4491195	148.03668626522207
0.6709243344575608	-0.1589067158806113	-0.44943800000000006	147.04022462282379
0.6723397188363008	-0.1597266375435211	-0.44975550000000003	146.08181327607602
0.6737526756487572	-0.16054889099398925	-0.45007199999999997	145.16549946724257
0.6751631823938831	-0.1613734722941433	-0.4503875	144.29550679139595
0.6765712165506858	-0.16220037743391807	-0.45070200000000005	143.47621038899513
0.6779767555784235	-0.1630296023307908	-0.4510155	142.71210477927028
0.6793797769168026	-0.16386114282951536	-0.451328	142.00776557600153
0.680780257986175	-0.16469499470185642	-0.4516395	141.36780283104702
0.6821781761877389	-0.16553115364632437	-0.4519500000000001	140.7968074811181
0.6835735089037369	-0.1663696152879095	-0.45225950000000004	140.2992911013417
0.6849662334976588	-0.16721037517781676	-0.45256799999999997	139.87962019263082
0.6863563273144443	-0.16805342879320082	-0.45287550000000004	139.5419464629427
0.687743767680684	-0.1688987715369	-0.4531820000000001	139.2901351062577
0.6891285319048267	-0.16974639873717204	-0.45348750000000004	139.12769412032787
0.6905105972773822	-0.17059630564742828	-0.453792	139.05770595212007
0.6918899410711296	-0.17144848744596916	-0.45409550000000004	139.08276636068322
0.6932665405413239	-0.17230293923571902	-0.4543980000000001	139.20493140374202
0.694640372925905	-0.1731596560439615	-0.45469950000000003	139.42567563673384
0.6960114154457067	-0.1740186328220745	-0.45499999999999996	139.74586480942017
0.6973796453046682	-0.17487986444526596	-0.4552995	140.16574228804825
0.6987450396900452	-0.17574334571230893	-0.45559800000000006	140.6849311257161
0.7001075757726228	-0.17660907134527745	-0.4558955	141.30245193127004
0.7014672307069298	-0.1774770359892819	-0.456192	142.01675374641775
0.702823981631453	-0.17834723421220536	-0.45648749999999993	142.8257584366165
0.7041778056688536	-0.17921966050443888	-0.45678199999999997	143.72691431663884
0.7055286799261844	-0.18009430927861786	-0.4570755	144.71725771683003
0.7068765814951078	-0.18097117486935813	-0.457368	145.7934793241636
0.7082214874521149	-0.18185025153299225	-0.45765949999999994	146.9519918006528
0.7095633748587462	-0.18273153344730592	-0.45794999999999997	148.18899862688477
0.7109022207618125	-0.18361501471127442	-0.4582395	149.5005579330528
0.7122380021936184	-0.18450068934479946	-0.458528	150.88264284322403
0.7135706961721847	-0.1853885512884459	-0.45881549999999993	152.33119920017728
0.7149002797014741	-0.18627859440317873	-0.459102	153.84219520492638
0.7162267297716167	-0.1871708124701002	-0.4593875	155.4116589863634
0.7175500233591369	-0.1880651991901872	-0.45967199999999997	157.03571360721108
0.7188701374271811	-0.18896174818402825	-0.45995549999999996	158.71060533894212
0.7201870489257479	-0.18986045299156198	-0.460238	160.43273001533979
0.7215007347919172	-0.19076130707181388	-0.4605195	162.1986515710125
0.7228111719500823	-0.1916643038026348	-0.4608	164.00510748708294
0.7241183373121819	-0.19256943648043898	-0.4610795	165.84901513486452
0.7254222077779346	-0.1934766983199423	-0.461358	167.72747485105154
0.726722760235073	-0.19438608245390077	-0.46163550000000003	169.63777039702083
0.7280199715595788	-0.19529758193284888	-0.461912	171.5773715982769
0.7293138186159225	-0.19621118972483909	-0.4621875	173.54392797997247
0.7306042782572981	-0.19712689871518	-0.462462	175.53525938459828
0.7318913273258649	-0.19804470170617633	-0.4627355	177.54934888885194
0.7331749426529877	-0.1989645914168681	-0.463008	179.58433501123127
0.7344551010594764	-0.19988656048276984	-0.46327949999999996	181.63850452854112
0.7357317793558316	-0.20081060145561114	-0.46355	183.71028758039398
0.7370049543424865	-0.2017367068030763	-0.46381950000000005	185.7982455706338
0.7382746028100521	-0.20266486890854438	-0.464088	187.9010615808555
0.7395407015395649	-0.20359508007083046	-0.4643555	190.01753210137466
0.7408032273027323	-0.20452733250392546	-0.464622	192.14655904052267
0.7420621568621824	-0.2054616183367378	-0.46488750000000006	194.287143267012
0.7433174669717131	-0.2063979296128341	-0.465152	196.43837947268014
0.7445691343765435	-0.20733625829018107	-0.4654155	198.59944650174614
0.7458171358135655	-0.20827659624088662	-0.465678	200.7696003010499
0.7470614480115965	-0.20921893525094218	-0.46593950000000006	202.94816785804866
0.7483020476916356	-0.21016326701996493	-0.4662	205.13454154590346
0.7495389115671169	-0.21110958316094003	-0.46645949999999997	207.32817388652126
0.7507720163441678	-0.21205787519996305	-0.466718	209.5285740579648
0.7520013387218661	-0.21300813457598358	-0.46697550000000004	211.73530371799225
0.7532268553925002	-0.2139603526405479	-0.467232	213.94797109289908
0.7544485430418271	-0.2149145206575425	-0.46748749999999994	216.16622708419249
0.7556663783493373	-0.21587062980293845	-0.467742	218.38976172231685
0.7568803379885145	-0.2168286711645346	-0.46799550000000006	220.61830090394855
0.758090398627101	-0.21778863574170254	-0.468248	222.85160339837014
0.7592965369273624	-0.21875051444513086	-0.46849949999999996	225.08945871617522
0.7604987295463542	-0.21971429809657045	-0.46875	227.33168514718346
0.7616969531361887	-0.2206799774285794	-0.46899950000000007	229.578126361031
0.7628911843443045	-0.2216475430842686	-0.469248	231.82864914346183
0.7640813998137352	-0.22261698561704754	-0.46949549999999995	234.08314144657473
0.765267576183383	-0.223588295490371	-0.469742	236.34151060188103
0.766449690088288	-0.2245614630774844	-0.46998750000000006	238.60368168279342
0.7676277181599039	-0.22553647866117182	-0.470232	240.86959600415545
0.7688016370263724	-0.22651333243350238	-0.47047549999999994	243.1392097480409
0.7699714233127983	-0.22749201449557774	-0.470718	245.41249312389758
0.7711370536415285	-0.22847251485728026	-0.47095950000000003	247.68942921590155
0.7722985046324288	-0.22945482343702067	-0.4712	249.97001236612553
0.7734557529031648	-0.23043893006148705	-0.47143949999999996	252.2542473335194
0.7746087750694822	-0.23142482446539317	-0.471678	254.54214840468228
0.775757547745489	-0.2324124962912278	-0.47191550000000004	256.8337385783255
0.7769020475439402	-0.23340193508900461	-0.472152	259.12904881708937
0.7780422510765209	-0.2343931303160117	-0.47238749999999996	261.4281173609288
0.7791781349541332	-0.23538607133656195	-0.472622	263.73098909677657
0.7803096757871827	-0.23638074742174356	-0.47285550000000004	266.0377151488016
0.7814368501858674	-0.2373771477491713	-0.473088	268.34835219584755
0.782559634760468	-0.238375261402738	-0.47331949999999995	270.66296156305003
0.7836780061216381	-0.23937507737236594	-0.47355	272.9816091670727
0.7847919408806965	-0.24037658455375951	-0.4737795	275.3043651100958
0.7859014156499203	-0.2413797717481573	-0.474008	277.6313032987067
0.7870064070428414	-0.24238462766208546	-0.4742355	279.96250109277844
0.7881068916745406	-0.24339114090711123	-0.474462	282.29803898175544
0.7892028461619456	-0.24439929999959614	-0.47468750000000004	284.63800028598456
0.7902942471241292	-0.24540909336045072	-0.474912	286.9824708809485
0.7913810711826109	-0.24642050931488932	-0.4751355	289.3315389424177
0.7924632949616558	-0.24743353609218469	-0.475358	291.68529470053664
0.793540895088578	-0.24844816182542367	-0.47557950000000004	294.0438298639788
0.7946138481940438	-0.24946437455126325	-0.4758	296.40723738405165
0.7956821309123785	-0.25048216220968705	-0.4760195	298.77561165934225
0.79674571988187	-0.2515015126437618	-0.476238	301.1490483737605
0.797804591745078	-0.25252241359939476	-0.47645550000000003	303.5276443337567
0.7988587231491431	-0.253544852725092	-0.476672	305.91149731660556
0.7999080907460949	-0.2545688175717154	-0.47688749999999996	308.3007059287842
0.8009526711931667	-0.2555942955922428	-0.477102	310.6953694735462
0.8019924411531055	-0.256621274141526	-0.47731550000000006	313.09558781453245
0.8030273772944869	-0.2576497404760509	-0.477528	315.50146084227305
0.8040574562920313	-0.2586796817536976	-0.4777395	317.9130883195656
0.8050826548269188	-0.25971108503350065	-0.47795	320.3305702329688
0.8061029495871088	-0.2607439372754106	-0.47815950000000007	322.75400671686
0.8071183172676591	-0.2617782253400555	-0.478368	325.18349796033004
0.8081287345710455	-0.2628139359885027	-0.4785755	327.61914411868776
0.8091341782074845	-0.26385105588202157	-0.478782	330.0610452290973
0.8101346248952563	-0.26488957158184673	-0.47898750000000007	332.50930112991955
0.8111300513610293	-0.2659294695489416	-0.479192	334.9640113054584
0.8121204343401868	-0.26697073614376265	-0.4793955	337.4252742366119
0.8131057505771523	-0.268013357626024	-0.479598	339.89318766386464
0.8140859768257203	-0.2690573201544626	-0.47979950000000005	342.36784883441845
0.8150610898493841	-0.2701026097866039	-0.48	344.84935443585107
0.8160310664216689	-0.2711492124785285	-0.48019949999999995	347.33780052955035
0.8169958833264631	-0.27219711408463887	-0.480398	349.8332824855719
0.8179555173583517	-0.27324630035742625	-0.48059550000000006	352.3358949186662
0.8189099453229536	-0.2742967569472398	-0.480792	354.8457316252214
0.8198591440372556	-0.2753484694020536	-0.48098749999999996	357.3628853074754
0.8208030903299525	-0.27640142316723737	-0.481182	359.88744701524803
0.8217417610417844	-0.27745560358532473	-0.48137550000000007	362.4195066465666
0.8226751330258786	-0.27851099589578443	-0.481568	364.9591530327668
0.8236031831480912	-0.2795675852347909	-0.48175949999999995	367.50647387660706
0.8245258882873503	-0.2806253566349957	-0.48195	370.06155569021007
0.8254432253360001	-0.28168429502529957	-0.48213950000000005	372.62448373267233
0.8263551712001483	-0.2827443852306252	-0.48232800000000003	375.19534194720575
0.8272617028000118	-0.28380561197169035	-0.4825155	377.7742128898762
0.8281627970702663	-0.28486795986478186	-0.482702	380.36117728424193
0.829058430960396	-0.2859314134215301	-0.4828875000000001	382.95631378591065
0.8299485814350459	-0.2869959570486844	-0.483072	385.55969943006005
0.8308332254743731	-0.2880615750478882	-0.48325549999999995	388.1714096063682
0.8317123400744022	-0.28912825161545613	-0.48343800000000003	390.79151799002614
0.8325859022473799	-0.29019597084215065	-0.48361950000000004	393.4200964714056
0.8334538890221337	-0.2912647167129603	-0.4838	396.0572150842685
0.8343162774444268	-0.292334473106877	-0.48397949999999995	398.7029419324266
0.8351730445773213	-0.2934052237966764	-0.48415800000000003	401.35734307191285
0.8360241675015371	-0.2944769524486965	-0.48433550000000003	404.02048199145
0.836869623315815	-0.2955496426226189	-0.484512	406.692419727597
0.8377093891372801	-0.296623277771249	-0.4846875	409.37321506976264
0.8385434421018071	-0.2976978412402984	-0.484862	412.06292447935346
0.839371759364388	-0.29877331626816733	-0.48503550000000006	414.7616020045707
0.8401943180994978	-0.299849685985727	-0.48520800000000003	417.46929919297924
0.8410110955014651	-0.30092693341610444	-0.48537949999999996	420.186065001747
0.8418220687848433	-0.30200504147446633	-0.48555000000000004	422.9119457054716
0.8426272151847813	-0.30308399296780475	-0.4857195000000001	425.6469846928346
0.8434265119573984	-0.3041637705947227	-0.485888	428.3912221034491
0.8442199363801577	-0.3052443569452208	-0.4860555	431.1446950688378
0.8450074657522442	-0.30632573450048567	-0.48622199999999993	433.90743764147055
0.8457890773949408	-0.30740788563267674	-0.4863875	436.6794806873237
0.8465647486520078	-0.30849079260471585	-0.48655200000000004	439.46085177711086
0.8473344568900643	-0.3095744375700771	-0.48671549999999997	442.2515750744982
0.8480981794989687	-0.3106588025725768	-0.4868779999999999	445.0516712212063
0.8488558938922027	-0.31174386954616495	-0.4870395	447.86115721761547
0.8496075775072567	-0.3128296203147175	-0.4872	450.68004614272684
0.8503532078060142	-0.3139160365918284	-0.4873595	453.508347213154
0.8510927622751402	-0.31500309998060305	-0.48751799999999995	456.3460657314031
0.8518262184264707	-0.31609079197345374	-0.4876755	459.1932028536448
0.8525535537974015	-0.3171790939518935	-0.48783200000000004	462.0497554544058
0.8532747459512817	-0.3182679871863323	-0.4879875	464.9157159875803
0.8539897724778056	-0.3193574528358746	-0.48814199999999996	467.79107234367063
0.8546986109934078	-0.3204474719481155	-0.4882955	470.6758077031851
0.855401239141658	-0.3215380254589398	-0.48844800000000005	473.5699003664126
0.8560976345936615	-0.3226290941923215	-0.4885995	476.47332361274476
0.8567877750484539	-0.323720658860123	-0.48874999999999996	479.386046123187
0.8574716382334044	-0.3248127000618965	-0.4888995	482.30803135834304
0.858149201904616	-0.325905198284685	-0.48904800000000004	485.23923728205267
0.858820443847329	-0.32699813390282567	-0.4891955	488.17961619044604
0.859485341876326	-0.32809148717775266	-0.48934199999999994	491.1291145366363
0.8601438738363364	-0.3291852382578011	-0.4894875	494.087672750975
0.8607960176024458	-0.33027936717801315	-0.48963200000000007	497.05522505680955
0.8614417510805031	-0.33137385385994295	-0.4897755	500.0316992391149
0.8620810522075313	-0.33246867811146363	-0.48991799999999996	503.0170170772785
0.8627138989521395	-0.333563819626576	-0.4900595	506.01109461194557
0.863340269314935	-0.3346592579852156	-0.4902	509.0138409701801
0.8639601413289398	-0.33575497265306387	-0.4903395	512.0251581005249
0.8645734930600039	-0.336850942981357	-0.49047799999999997	515.0449405613722
0.865180302607225	-0.33794714820669897	-0.4906155	518.0730753044595
0.8657805481033651	-0.3390435674508717	-0.490752	521.1094414534579
0.8663742077152745	-0.340140179720651	-0.4908875	524.1539100776199
0.8669612596443088	-0.341236963907618	-0.49102199999999996	527.2063442511792
0.8675416821267553	-0.34233389878797565	-0.4911555	530.2666002791348
0.8681154534342567	-0.3434309630223647	-0.49128800000000006	533.3345263799539
0.868682551874237	-0.3445281351556801	-0.4914195	536.409961798305
0.869242955790329	-0.34562539361688965	-0.49154999999999993	539.4927365540022
0.8697966435628033	-0.34672271671885185	-0.4916795	542.5826711870056
0.8703435936089988	-0.34782008265813696	-0.491808	545.6795764974349
0.8708837843837549	-0.34891746951484726	-0.4919355	548.7832532800315
0.8714171943798437	-0.3500148552524385	-0.49206199999999994	551.8934934427773
0.8719438021284054	-0.35111221771754336	-0.4921875	555.0100805793262
0.8724635861993846	-0.35220953463979493	-0.492312	558.132787669119
0.872976525201968	-0.3533067836316517	-0.4924355	561.2613766323076
0.8734825977850229	-0.35440394218822335	-0.49255799999999994	564.3955980425791
0.8739817826375383	-0.3555009876870975	-0.4926795	567.5351908353842
0.8744740584890657	-0.3565978973881672	-0.49280000000000007	570.6798820081794
0.8749594041101655	-0.35769464843346127	-0.4929195	573.829387094643
0.8754377983128483	-0.35879121784697265	-0.493038	576.9834127572867
0.8759092199510232	-0.35988758253449	-0.4931555	580.1416537992039
0.8763736479209456	-0.36098371928343004	-0.49327200000000004	583.3037919434165
0.8768310611616662	-0.36207960476267037	-0.4933875	586.4694955189037
0.8772814386554808	-0.36317521552238347	-0.49350199999999994	589.6384191430951
0.8777247594283846	-0.3642705279938725	-0.4936155	592.8102034010531
0.8781610025505237	-0.3653655184894071	-0.49372800000000006	595.9844747601248
0.8785901471366518	-0.3664601632020615	-0.4938395	599.1608490456082
0.8790121723465857	-0.3675544382055518	-0.49394999999999994	602.3389301140584
0.8794270573856637	-0.368648319454077	-0.4940595	605.5183066500758
0.8798347815052052	-0.36974178278215886	-0.49416800000000005	608.6985517828571
0.8802353240029719	-0.37083480390448426	-0.4942755	611.8792227549301
0.8806286642236291	-0.3719273584157473	-0.49438199999999993	615.0598605897479
0.8810147815592114	-0.3730194217904948	-0.4944875	618.2399897658491
0.8813936554495861	-0.3741109693829703	-0.49459200000000003	621.4191209165842
0.8817652653829218	-0.3752019764269609	-0.4946955	624.5967534886471
0.8821295908961554	-0.3762924180356451	-0.49479799999999996	627.7723701742984
0.8824866115754625	-0.3773822692014411	-0.4948995	630.9454359511877
0.8828363070567274	-0.3784715047958562	-0.49500000000000005	634.1153977573448
0.8831786570260183	-0.37956009956933917	-0.4950995	637.2816841685129
0.8835136412200588	-0.38064802815113147	-0.49519799999999997	640.4437050784439
0.8838412394267052	-0.3817352650491206	-0.4952955	643.6008528114252
0.8841614314854227	-0.38282178464969535	-0.49539200000000005	646.7525086640843
0.8844741972877644	-0.38390756121760083	-0.4954875	649.8980372621282
0.8847795167778512	-0.3849925688957963	-0.49558199999999997	653.036783539082
0.885077369952853	-0.3860767817053128	-0.4956755	656.1680724475315
0.885367736863472	-0.3871601735451125	-0.49576800000000004	659.2912086780068
0.8856505976144271	-0.38824271819194994	-0.4958595	662.4054763861818
0.8859259323649398	-0.3893243893002338	-0.49594999999999995	665.5101392830238
0.8861937213292211	-0.39040516040188944	-0.4960395	668.6044478420996
0.8864539447769612	-0.3914850049062243	-0.49612800000000007	671.6876386880708
0.886706583033819	-0.3925638960997931	-0.4962155	674.7589274691722
0.8869516164819141	-0.3936418071462643	-0.49630199999999997	677.8175083920682
0.8871890255603206	-0.3947187110862894	-0.4963875	680.8625540262228
0.8874187907655601	-0.39579458083737107	-0.4964720000000001	683.8932151237242
0.8876408926521008	-0.3968693891937358	-0.4965555	686.908620453683
0.8878553118328515	-0.3979431088262039	-0.49663799999999997	689.9078814179627
0.8880620289796641	-0.39901571228206445	-0.4967195	692.8900998185013
0.8882610248238324	-0.40008717198494953	-0.4968000000000001	695.8543573869048
0.8884522801565943	-0.40115746023471016	-0.49687950000000003	698.7997137852832
0.8886357758296353	-0.40222654920729367	-0.49695799999999996	701.7252065522791
0.8888114927555936	-0.4032944109546222	-0.4970355	704.6298510733828
0.8889794119085672	-0.4043610174044736	-0.49711200000000005	707.512640576921
0.8891395143246209	-0.4054263403603617	-0.4971875	710.3725508971431
0.889291781102296	-0.40649035150141966	-0.4972619999999999	713.2085496061728
0.8894361934031213	-0.40755302238228425	-0.4973355	716.0195821046134
0.8895727324521249	-0.40861432443298057	-0.4974080000000001	718.8045721769292
0.8897013795383496	-0.40967422895881034	-0.4974795	721.5624224879223
0.889822116015366	-0.41073270714023863	-0.49754999999999994	724.2920213516107
0.8899349233017904	-0.4117897300327841	-0.4976195	726.9922435575747
0.8900397828818026	-0.4128452685669103	-0.4976880000000001	729.6619438184238
0.8901366763056667	-0.4138992935479182	-0.4977555	732.2999567296242
0.8902255851902504	-0.4149517756558396	-0.49782199999999993	734.9051008818715
0.8903064912195483	-0.4160026854453324	-0.4978875	737.476185934714
0.8903793761452075	-0.41705199334557846	-0.49795200000000006	740.01200462371
0.8904442217870507	-0.4180996696601805	-0.4980155	742.5113315009246
0.8905010100336044	-0.4191456845670622	-0.49807799999999997	744.9729247903553
0.8905497228426275	-0.4201900081183696	-0.4981395	747.3955362219137
0.8905903422416404	-0.4212326102403733	-0.49820000000000003	749.7779063042783
0.8906228503284572	-0.42227346073337263	-0.4982595	752.1187600888247
0.890647229271719	-0.4233125292716018	-0.4983179999999999	754.4168080912682
0.8906634613114259	-0.4243497854031354	-0.4983755	756.6707545549211
0.8906715287594749	-0.42538519854979856	-0.49843200000000004	758.8792999922107
0.8906714140001972	-0.4264187380070762	-0.49848750000000003	761.0411334868205
0.8906630994908956	-0.4274503729440248	-0.49854199999999993	763.1549330805944
0.8906465677623846	-0.4284800724031849	-0.4985955	765.2193705558219
0.8906218014195333	-0.42950780530049665	-0.49864800000000004	767.2331208847953
0.8905887831418071	-0.4305335404252149	-0.4986995	769.1948538191585
0.8905474956838132	-0.4315572464398281	-0.49874999999999997	771.1032326618624
0.8904979218758458	-0.43257889187997633	-0.4987995	772.956916697515
0.8904400446244342	-0.43359844515437307	-0.49884800000000007	774.7545723897398
0.890373846912891	-0.43461587454472694	-0.4988955	776.4948696675589
0.8902993118018628	-0.43563114820566584	-0.49894199999999994	778.1764775178453
0.890216422429881	-0.43664423416466236	-0.49898750000000003	779.7980656602377
0.8901251620139172	-0.43765510032196175	-0.49903200000000003	781.358313964692
0.890025513849935	-0.4386637144505089	-0.4990755	782.8559139108326
0.8899174613134485	-0.4396700441958807	-0.49911799999999995	784.2895624677884
0.8898009878600786	-0.4406740570762166	-0.4991595	785.6579642548786
0.8896760770261115	-0.4416757204821524	-0.4992	786.9598411854267
0.8895427124290614	-0.4426750016767567	-0.49923950000000006	788.1939309352149
0.8894008777682296	-0.4436718677954662	-0.499278	789.3589834455805
0.8892505568252691	-0.4446662858460244	-0.49931549999999997	790.4537646695135
0.8890917334647497	-0.44565822270842304	-0.499352	791.477065761125
0.8889243916347238	-0.44664764513484295	-0.49938750000000004	792.4276983184832
0.8887485153672934	-0.4476345197495974	-0.499422	793.3044936654684
0.8885640887791803	-0.448618813049078	-0.49945549999999994	794.1063085913723
0.8883710960722953	-0.4496004914017013	-0.499488	794.8320313674245
0.8881695215343115	-0.45057952104785726	-0.49951950000000006	795.4805768278903
0.8879593495392368	-0.45155586809986	-0.49955	796.0508876197988
0.8877405645479886	-0.4525294985418991	-0.49957949999999995	796.5419412940656
0.8875131511089703	-0.4535003782299945	-0.499608	796.9527521408799
0.8872770938586487	-0.4544684728919504	-0.49963550000000007	797.2823682419247
0.887032377522134	-0.45543374812731463	-0.499662	797.5298739492777
0.8867789869137588	-0.4563961694073356	-0.49968749999999995	797.6943967260038
0.8865169069376607	-0.457355702074924	-0.499712	797.7751060318488
0.8862461225883659	-0.45831231134461553	-0.49973550000000005	797.7712127654729
0.8859666189513732	-0.4592659623025348	-0.499758	797.6819722307716
0.8856783812037411	-0.4602166199063614	-0.49977949999999993	797.5066893796004
0.8853813946146742	-0.4611642489852981	-0.4998	797.2447173427078
0.8850756445461141	-0.4621088142400407	-0.4998195	796.8954580688825
0.8847611164533273	-0.4630502802427485	-0.499838	796.4583641270104
0.8844377958854986	-0.46398861143701886	-0.49985549999999995	795.9329425082346
0.884105668486324	-0.4649237721378617	-0.499872	795.3187550875973
0.883764719994605	-0.46585572653167645	-0.49988750000000004	794.6154188741617
0.8834149362448449	-0.46678443867623104	-0.499902	793.8226077315031
0.8830563031678466	-0.46770987250064305	-0.49991549999999996	792.9400537880771
0.8826888067913099	-0.46863199180536114	-0.499928	791.9675484086565
0.8823124332404335	-0.4695507602621502	-0.49993950000000004	790.9049431919871
0.8819271687385164	-0.47046614141407844	-0.49995	789.7521506498761
0.8815329996075593	-0.47137809867550373	-0.49995949999999995	788.5091453530597
0.8811299122688699	-0.47228659533206496	-0.499968	787.1759641519868
0.8807178932436697	-0.4731915945406739	-0.4999755000000001	785.7527073553815
0.8802969291536997	-0.4740930593295089	-0.499982	784.2395384594746
0.8798670067218295	-0.4749909525980107	-0.4999874999999999	782.63668541614
0.8794281127726665	-0.4758852371168801	-0.499992	780.9444398106608
0.8789802342331696	-0.4767758755280785	-0.49999550000000004	779.1631582204724
0.8785233581332584	-0.47766283034482804	-0.499998	777.2932608780404
0.8780574716064301	-0.47854606395161675	-0.49999949999999993	775.3352330326188
0.8775825618903728	-0.479425538604203	-0.5	773.2896235526314