0.007524954883421568
0.09086918335872125
0.5487881543122279
2.210435395224923
6.6820041407044855
16.177715147030717
32.70127446470179
56.83582793285208
86.88055243498899
119.04510233306222
148.78919987591996
172.62757240781215
189.40139119374896
200.36168079790843
208.12669064087567
215.16311946865926
222.57858976827004
229.72078659410025
234.61284982369574
234.8887794417912
228.767222597834
215.70002249930818
196.54334647829722
173.30425778394118
148.6388326039534
125.30203144406033
105.70014629536558
91.61660311448067
84.109159497617
83.532462383369
89.62806949057104
101.63566485683631
118.40095899517829
138.47592730342157
160.21878690984462
181.90296281513363
201.83869392728556
218.5021535246512
230.6592127183504
237.4671429634098
238.53869029396137
233.95841606183043
224.24918786609067
210.2949845442374
193.2327529343533
174.32963599535785
154.86210510587847
136.01083332068404
118.7805681447762
103.94904265360869
92.0442254392692
83.34572812390765
77.90429719021222
75.57293763528294
76.0439816095407
78.88782278878615
83.59059450756524
89.58939984090496
96.30459423345268
103.1690317170852
109.6541999570247
115.29294789812357
119.69823121136146
122.5771154688356
123.73927860260832
123.09946982103317
120.67377892558706
116.5700728448686
110.97347080888393
104.12816470675939
96.31717656656122
87.8417422243076
79.00191522156047
70.0797246696982
61.32584416133623
52.95029563469366
45.117282096729674
37.94386673117795
31.50192841452987
25.82264269552701
20.9026637277302
16.711203758364242
13.197300822906925
10.296706387333893
7.937987157518393
6.04759699571312
4.553819208684505
3.389595979534528
2.494345874258304
1.8149224874983922
1.3058911814427347
0.9293023068399998
0.6541247883566492
0.45547975527327345
0.3137853369680356
0.2138949152813905
0.1442848220905666
0.0963252921334771
0.06365106578488554
0.04163531993604012
0.026962075912406194
