0.00021097168302111488
0.003506238889526002
0.029135927104574737
0.16140795037536435
0.6706289044960035
2.2291002582478083
6.174413284859406
14.65936004728594
30.45386436423733
56.236379240359526
93.46197606764188
141.20830815201919
195.56802137745706
250.02034550596187
296.8061683448801
328.86556517835766
341.63414159969386
334.0691856751155
308.6252994155032
270.32223413116094
225.34181586081033
179.65645334470668
138.057292111241
103.72329174440516
78.26673840261061
62.07347013316336
54.73712399584841
55.43611808739573
63.17784647520747
76.90315520102509
95.48850633854032
117.70077696000548
142.15624083033913
167.3194644156261
191.5573679648688
213.24429276882236
230.8992579047827
243.32861292034818
249.7464214985867
249.85025026778465
243.8396397623355
232.37584397034905
216.4918490297524
197.4691618217147
176.70126955961447
155.5629465174204
135.30056675407096
116.95267116545983
101.30376285157782
88.86895240625333
79.90345004948033
74.42926070649426
72.27156323190361
73.09861992569996
76.46102670687912
81.82809102268533
88.62069214757472
96.2409257005552
104.09914789885985
111.6388496524335
118.35932015990021
123.83553168377588
127.7342805603759
129.8254730981669
129.98758747394328
128.2067402218953
124.56935221494417
119.24903157952325
112.48885682236651
104.580660625501
95.84312609950899
86.6004955593974
77.16347712713434
67.81356521024473
58.79153210788961
50.290368256242246
42.452509096360586
35.37083306618458
29.092674355749367
23.625972962856125
18.946673805912326
15.006564919575146
11.74088443368804
9.075198245713974
6.931229043138791
5.231482172787578
3.9026511227237517
2.8778881502222706
2.09809271232088
1.512405006522637
1.0780999736187624
0.7600656086567265
0.5300254141002535
0.3656345146512812
0.24954723997624426
0.16852432845571544
0.11262240878053825
0.0744880349250801
0.048763389035136266
0.03160036699595775
0.020273352240476203
