0.007694348219129232
0.09267140901509746
0.5582092322631573
2.2425219386395874
6.761425666672299
16.327964511572265
32.92163902128101
57.078548845640505
87.04859485061459
119.02268482370769
148.49567779608284
172.0666184826087
188.6766550262742
199.64809720313954
207.6105298901042
214.97853276458747
222.766975432494
230.22566651412487
235.30651368506165
235.61588048560895
229.38798298164693
216.120191036581
196.7256832218551
173.26336925756016
148.42544454016158
124.98381237127066
105.34478221683572
91.28027311879227
83.83105820245115
83.3342805374684
89.51658479711432
101.60663760024019
118.44302625119842
138.57380793094836
160.35561896187028
182.06189947698414
202.0039909605031
218.65995314748417
230.79814066698032
237.57874671043916
238.61769070384136
234.00273117200155
224.25970787193236
210.27511509900634
193.1877825901433
174.26601036949276
154.78669898749823
135.93030254960897
118.70084039920611
103.87497720883768
91.97944342648198
83.29259209970657
77.86400475332364
75.54568877705144
76.02918195322057
78.8842923009435
83.5967608733389
89.60346511863888
96.32467105004828
103.19325039545781
109.68079057710487
115.32030187725194
119.72494627909998
122.60202664557661
123.76147656593264
123.11830723184083
120.68886503148768
116.58125693629833
110.98081570631723
104.13191218595874
96.31770727334224
87.83953303329731
78.99749707102556
70.0736436483466
61.31862808729288
52.942427646860985
45.109181986446906
37.93587998423604
31.494322295364203
25.81560824122631
20.896322250891618
16.705616376993692
13.192479612752347
10.292625944491748
7.93459561995932
6.044825857658822
4.551591535673185
3.387832869269043
2.4929711945783226
1.8138660534322144
1.3050906111795006
0.9287038294833087
0.653683274889588
0.4551582191870853
0.3135541124589557
0.21373067697568054
0.14416956693777025
0.09624536532366137
0.06359628037863335
0.041598195009559795
0.026937200094970956
