0.007532556997840513
0.09095019100626611
0.5492123195538448
2.211882612269072
6.685593520244917
16.184521734908184
32.7112888900357
56.84691456394241
86.88833046170869
119.04430970853474
148.77612850103594
172.6023114753087
189.36856745042786
200.3291891144381
208.10299239953565
215.15436003815788
222.58673320911765
229.74335461213826
234.64410702962647
234.92169985163952
228.79545146745005
215.71924634950733
196.5518285402574
173.30261656050428
148.62933669564092
125.28773263241398
105.68411047010898
91.60138374073422
84.09654472905912
83.52344773229291
89.62297285167931
101.63430203535312
118.40282018269389
138.48032287586298
160.22495407506983
181.91013857381995
201.84616479420274
218.50929129030365
230.66550159168972
237.47219943096087
238.5422744983638
233.960432866797
224.24967667714273
210.29409866086348
193.23073095306668
174.32676899162936
154.8587037149262
136.00719841586533
118.77696778894367
103.94569668601049
92.04129777106384
83.34332578772106
77.90247455171443
75.57170394507939
76.04331018404024
78.88766044367287
83.59087030144427
89.59003261271424
96.30549876316529
103.17012357159923
109.65539920162969
115.29418188079602
119.69943659533541
122.57823963186738
123.74028046601148
123.10032013479976
120.67446002427795
116.5705779004553
110.97380263381574
104.12833419332742
96.31720087767076
87.84164286893791
79.00171615169656
70.07945052397189
61.325518756459125
52.94994077328937
45.11691672443281
37.94350644167425
31.50158527241095
25.82232532588346
20.90237760927825
16.710951653246855
13.197083279782575
10.296522263053077
7.937834114437923
6.0474719445879215
4.55371867941981
3.3895164127991637
2.4942838353615375
1.8148748098302843
1.305855050295454
0.92927529591882
0.6541048612276984
0.45546524286908663
0.31377490053301227
0.2138875021577102
0.1442796197897259
0.09632168438898765
0.06364859282977131
0.041633644125604996
0.02696095300359912
