0.00019427042869025538
0.0032536486465203586
0.027199583435734656
0.15151697509184284
0.6329463972532348
2.1151818596713645
5.8903787194835475
14.060178947554325
29.36609884873048
54.51915500587308
91.09501092615554
138.3718287498547
192.6694776946111
247.63825242967974
295.5573768399709
329.2394990767322
343.85485341332543
338.0342877508635
313.9376272374803
276.39374055458336
231.52672086400497
185.36918968260179
142.8461951618639
107.29288817647256
80.45978142288581
62.83301354214504
54.06866105427782
53.38329593964408
59.81658128759434
72.35133547660143
89.92359931089823
111.37594884056674
135.40664934779664
160.55337717756058
185.23076433515985
207.82167666355753
226.80669328780434
240.90684957848111
249.2120868222128
251.2715164818226
247.12997816514806
237.30614051061008
222.71803651267973
204.5702552003018
184.22163823704963
163.05286705481174
142.3503319162616
123.21736588330376
106.51778165793692
92.85101982129186
82.55405319918472
75.72292117974915
72.24632360282882
71.84466256217894
74.10968355602571
78.54183592845547
84.5841751518864
91.65278819692851
99.16425956896715
106.56069298129671
113.33244608844547
119.03824213672551
123.32189094542336
125.9246222068246
126.69207150021626
125.57525518257098
122.62535831661262
117.98273967987431
111.86112042397968
104.52837223882523
96.28559022267648
87.44619536397381
78.31666881465657
69.18021259321078
60.284216401622885
51.83195294233731
43.978485951572615
36.830405356296644
30.44873442563945
24.85419772893866
20.03399240244106
15.949251965773627
12.542507086403743
9.744603768847412
7.48071038057241
5.675209137981991
4.25540972508509
3.15413368370446
2.3112950770678538
1.6746473224295815
1.199882785926222
0.8502671567750483
0.5959715804588865
0.4132383092486518
0.28348539983027476
0.19242658196709425
0.12925632590107727
0.08592866154579451
0.056541841113152344
0.03682923735114937
0.02374929380110312
