0.0004313862218452215
0.006815591916052785
0.053840724336138776
0.28354823788373307
1.1199645638436078
3.538927071886241
9.318751566648642
21.032802594260893
41.53792473742801
72.91893936077818
115.20713097294819
165.4732849655695
217.86770715878617
264.7934041670138
298.8566152235557
314.85813069899115
311.08143658025693
289.4770187816055
254.82115995550006
213.29181944553576
171.01312318962113
132.98959809837194
102.60237695719732
81.6075348832503
70.4444949766298
68.64319421542112
75.17694296323914
88.69334945451122
107.62870555170616
130.25275907937387
154.69982580755016
179.02811596973808
201.32440042671914
219.8465108741614
233.17878163193754
240.3685589376475
241.0150961686071
235.2928598779794
223.90554190847348
207.98082439403743
188.92594781693296
168.26863788484508
147.50684412924375
127.98527716838173
110.80892761385059
96.79575260663397
86.46424245455705
80.04760286911483
77.52498383900775
78.66108951339527
83.04778095085564
90.14402070632153
99.31293916004495
109.85644317144627
121.04846921282112
132.16780700262154
142.5306662886844
151.52218314616263
158.62519704757904
163.44412251902818
165.72171369703614
165.34697540217002
162.3533055585367
156.90698964566286
149.2872139215466
139.85964290658805
129.0461879053783
117.29381117630132
105.04506549331164
92.71261907303742
80.65935787704197
69.18490498883146
58.51866017589241
48.81883167659561
40.1764661892941
32.6232080279642
26.141429900707443
20.67544771027568
16.142717764718082
12.444169306474429
9.473103488479973
7.122355151696409
5.289640282682823
3.881185628711126
2.8138535954253916
2.0160390553662855
1.4276339256051078
0.9993416250894718
0.691588360299764
0.4732319291601213
0.3202195920358232
0.2143003488191189
0.14185721227345272
0.09289339658356666
0.060182934456434835
0.03858034658452175
0.024474355393660135
0.015365825551104757
0.009548742744485713
0.005873911093939205
0.003577204260095112
