0.00032986104894432513
0.005314041006646917
0.04280443530687264
0.22985893227978452
0.9257532910044809
2.9827656883043017
8.008695538706133
18.431372596383703
37.11604714391655
66.43752488341069
107.0306507301709
156.75136135283256
210.44009933290084
260.7891548223359
300.10941402114383
322.357813413557
324.66929033048535
307.8817521806863
275.9889153118852
234.86124880606062
190.76460704354307
149.14795353952374
113.95553262092818
87.47689892595771
70.580494141485
63.11856572363065
64.32344919170846
73.09235500689437
88.13696821917051
108.0295189454912
131.20101067395896
155.94496494589214
180.46162020487205
202.95342084437786
221.76086278472005
235.51322742161776
243.263402401946
244.5793791573292
239.57485850017494
228.87438899355098
213.52114462916757
194.84498549050159
174.31319252018463
153.3859634144036
133.39434377579133
115.4514426537752
100.40043994338419
88.79663775474629
80.91663813413862
76.78595015682193
76.21664991080131
78.84846787473437
84.18906065305107
91.65152231188371
100.58890897944816
110.32646365391
120.1923589214169
129.5473242750484
137.81278183246422
144.49637386122066
149.21326188051523
151.70144702684962
151.82963455994448
149.59677772628714
145.12325843132643
138.63453556385102
130.43886297886766
120.90122789024956
110.41591691262664
99.38006699982306
88.1702379778569
77.12352499953313
66.52410517386699
56.59547664831819
47.49808120793969
39.33156060635441
32.14061261372957
25.923288977321384
20.640596383714847
16.226390876965585
12.596757062620673
9.658297008816058
7.314986592470439
5.473464145139717
4.046782189849723
2.956771371853799
2.135237238082282
1.524241298279901
1.0757166599862342
0.7506452328657088
0.5179872433194045
0.3535122885199994
0.2386401595426082
0.15936297376110428
0.1052898276324376
0.06883188332183487
0.04452923791825988
0.028510207059320593
0.018067627946346365
0.011334249992842504
0.007039140447720833
