0.00016474741192921757
0.003124222987326606
0.02691377124093236
0.1510853854997953
0.6324169320176173
2.1145442367354033
5.889479390440208
14.058703463111845
29.363642964798796
54.51538060547572
91.08985138000767
138.3656683615611
192.66321090571765
247.63315961375116
295.5548299703789
329.24059219529994
343.86009244196566
338.043449810108
313.9498269115046
276.4076593956703
231.54090510976837
185.3823163650366
142.85724020238482
107.30117886026942
80.46495711303183
62.83493983785385
54.06734280312153
53.3788203911332
59.80910328933987
72.34109924075133
89.91097989093889
111.36149209333163
135.39109100021045
160.5376279752565
185.21585709890536
207.80868034417827
226.79660686373407
240.90049335640316
249.21000953392962
251.27393353960608
247.13675042047856
237.3167953549284
222.73182588172946
204.58623949691588
184.23878231187646
163.07013440365955
142.36676572068197
123.23214953465634
106.53027589386538
92.86077760580841
82.56081633536937
75.72660408325956
72.24698976727426
71.84249835005782
74.10497250681301
78.53493523653344
84.57549467974236
91.64277155529443
99.15336646724977
106.54938215857538
113.32115853065334
119.02738479453593
123.31182162896685
125.91563662974347
126.68439351594269
125.5690310968188
122.6206558159514
117.97955146158117
111.85937213354433
104.52793389918706
96.2862900351465
87.44783460980837
78.31903659493628
69.18309929448793
60.28742502904895
51.83530777454024
43.98183829547803
36.833636474777336
30.451755946820693
24.856950006851953
20.03644138098959
15.95138510872336
12.544328889713013
9.746131286166198
7.481969086636072
5.676229344301367
4.256223660449452
3.154773266960001
2.3117903455499205
1.6750254369318995
1.2001675102066471
0.8504787027469165
0.5961267151703529
0.4133506323063168
0.28356571641021233
0.19248331408759445
0.12929592117559513
0.08595597295900849
0.05656046289464349
0.0368417906784721
0.023757662088415937
