0.007519727385048675
0.09081347252583152
0.5484964076138437
2.2094398374435222
6.679534569076548
16.17303117501779
32.69438128187916
56.82819364124525
86.87519086581781
119.04563550016566
148.79818252452725
172.64494741159353
189.4239784440606
200.38404908905264
208.14301599969932
215.16916920044685
222.5730074115965
229.7052731578531
234.59134935327228
234.8661262392398
228.74779093314947
215.68678311466454
196.53749728197752
173.30537554026142
148.64535779549166
125.31186474099239
105.71117792236525
91.62707543154805
84.11784128714119
83.5386678678164
89.63157930873948
101.63660532674095
118.39968066863868
138.47290460138805
160.21454469056624
181.89802612917072
201.83355377615422
218.49724223731104
230.65488526747143
237.46366329875687
238.53622351336986
233.95702767902515
224.24885081481474
210.29559338488997
193.23414352986623
174.33160809161475
154.86444498216244
136.01333396530868
118.78304511503812
103.9513446823575
92.04623973760377
83.34738103659714
77.9055512990998
75.57378656403644
76.04444370723708
78.88793463941393
83.59040491395726
89.58896463851454
96.30397205134412
103.16828064360784
109.65337498608297
115.29209901344876
119.69740198805681
122.57634211069245
123.73858937176664
123.0988848418545
120.67331035261952
116.56972537688041
110.9732425123102
104.12804808934946
96.31715982203832
87.84181055635464
79.00205215303527
70.07991325092317
61.326068007925365
52.95053974771729
45.11753344260603
37.94411458220196
31.502164470762597
25.822861023182334
20.902860557539007
16.711377189909964
13.197450478540155
10.296833053296329
7.938092441820895
6.047683023453924
4.5538883669906625
3.389650716946564
2.494388553591445
1.8149552871602899
1.3059160377658925
0.9293208889607925
0.6541384972166185
0.4554897390919215
0.31379251673226677
0.21390001516109813
0.14428840103383292
0.09632777409917856
0.06365276706913091
0.041636472821523066
0.026962848426468632
