0.013751103771089316
0.15387601421551358
0.8612827786693535
3.2160758375947687
9.017404586242476
20.268076395859126
38.096347316342616
61.744747028431235
88.44798831443842
114.50156940095319
136.96662723736594
154.9741548771338
169.85410146493365
184.07401862710338
199.65551762493584
216.93318788594678
234.2166715288551
248.39288976826504
256.0815269830391
254.8053680343579
243.74765597260514
223.91821192334302
197.79778839875425
168.68258020855478
139.98223497803554
114.66288694463915
94.92372560827425
82.10004996894529
76.72661027052811
78.67847289299344
87.32230045847699
101.64164537203574
120.329915067693
141.8643789603675
164.58101799423818
186.7653802877719
206.76376900909503
223.1073090362968
234.63282472338403
240.5812328097121
240.6565760948627
235.03559744218674
224.32667517392022
209.48561817535295
191.70229252273558
172.2751913680347
152.49068785256515
133.52046719198196
116.34567095835125
101.71089928600857
90.10651806344525
81.77442802084562
76.73082845413182
74.79940013802721
75.6493175428949
78.83404811543595
83.82850989417257
90.06347568465932
96.95694597753747
103.94254540571266
110.49493616066722
116.15196124821455
120.53291562520509
123.35214413325728
124.42717046323253
123.68079128394672
121.13698431294861
116.91099781375547
111.19451384015485
104.23721591366804
96.32637394277188
87.76614826027206
78.85820911950206
69.88499708841621
61.0965643552775
52.70149808735291
44.86199483477256
37.692779789570665
31.263281049977543
25.602293584479177
20.704300171463046
16.53664357316187
13.046843161490157
10.169493866487802
7.832349883752436
5.961358016915654
4.484549462815802
3.3348141821255024
2.4516645480868267
1.7821453560405218
1.2810695212736896
0.910758834507475
0.6404535722573528
0.44552983435865173
0.3066345064027194
0.2088187579877808
0.14072471035472822
0.09385787502512262
0.06196075912778732
0.040490545121732245
0.0261954408681292
