0.019012884242977146
0.20308577048826745
1.0851859360810723
3.8693094377687
10.36394235477501
22.27118035594539
40.081953799737065
62.369156340911815
86.17980280189633
108.45826440527468
127.62908517107122
144.31430550429786
160.74681020377767
179.27029134589114
200.80291966451722
224.0531474939502
245.78826068739625
261.92153818454744
268.8746598385098
264.66755352689114
249.404759033707
225.11475869645656
195.12539045852336
163.25850185670458
133.1030490612986
107.5250311758611
88.45415040169755
76.89635022971113
73.07852868131748
76.63349781830604
86.76277375679994
102.35236375473342
122.04744411094701
144.30840805820634
167.47282753792567
189.83943900121594
209.7770396331114
225.84848949584233
236.93159456705106
242.31621149807248
241.76028148026393
235.49505989753055
224.1791976828071
208.81012874111903
190.60752767405666
170.8864044370457
150.93664125922328
131.9221957117746
114.8080105745492
100.3172046343414
88.91646719631426
80.82442360890971
76.03628835196682
74.35818172094935
75.44560217856463
78.84217236054833
84.01641634831431
90.39562744418797
97.3966787649435
104.45391131596742
111.04412615450596
116.70839174747145
121.07004269498438
123.84804075815434
124.86487886507155
124.0484490612164
121.42772197882637
117.12261420853022
111.32895095922592
104.29987129473973
96.32530271321099
87.71121528178413
78.76025295368595
69.75506183217463
60.94524406268644
52.53842356634849
44.69547641217661
37.52960434051433
31.108648873854587
25.45987162090721
20.57636295727227
16.42427203056521
12.950153134574537
10.0878704000877
7.764668610204326
5.906180802414911
4.440286957574462
3.2998526265621586
2.4244578415699616
1.761275919690084
1.2652829542104103
0.8989779415190587
0.6317772444636611
0.4392217140093344
0.302105561761977
0.20560699580428426
0.13847437914468103
0.09229973723110665
0.060894372736251444
0.039769006249756086
0.025712689846533587
