0.012516663466645463
0.1418492207374569
0.8040708053660306
3.0404926486251482
8.632272036049448
19.642765008485046
37.365957719913666
61.254670549090754
88.66018178864655
115.77429217876885
139.32173127605236
157.99478294286075
172.78558096168624
186.08501142600764
200.13443728980303
215.69005718227652
231.5205430064945
244.85461404779494
252.4489023645408
251.75416329777548
241.73318013984508
223.11599763024154
198.12692105049402
169.88284779381024
141.70979473619028
116.57531675034882
96.73789995267589
83.61914932784923
77.84175171135794
79.35460245436258
87.5778591853072
101.52887913725485
119.91935287101924
141.2342160902971
163.8104637801882
185.93045195191442
205.93420668681873
222.3438459310979
233.9846344187225
240.0837890610466
240.33032631453557
234.8857944455998
224.34451178958318
209.6505606269525
191.9852926372903
172.64232709179643
152.9067549214922
133.95211131568936
116.7637792382109
102.09212386840862
90.43394926183032
82.03754350747018
76.92490792385891
74.9246116731446
75.70966225476387
78.83630746577464
83.78128967069257
89.9763934791508
96.83997250373014
103.80548700028284
110.34703562343671
116.00159377016274
120.38736193976966
123.2174303834737
124.30797067513582
123.58039206473286
121.05731194053058
116.85270569248085
111.15712439155949
104.21930658769953
96.3257933069117
87.78024586908381
78.88406248926019
69.91962059409293
61.13708789209715
52.74530734816834
44.90682942215314
37.73678952255964
31.305044280950685
25.640803824966646
20.73892873173756
16.567086302330296
13.07305890346852
10.191641160811916
7.850726996474704
5.976349824362692
4.496583222635601
3.344324946198004
2.459069975019572
1.787828989036079
1.2853711917216721
0.9139706880679316
0.6428202348444867
0.4472513806071663
0.3078711088261249
0.2096961371619788
0.14133974297496685
0.09428392700026468
0.06225248427752771
0.0406880234133832
0.026327625570013394
