0.0015418189373969538
0.022009179450861956
0.15708849281427342
0.7474699284633565
2.6675006680572997
7.615628710205454
18.118684896191706
36.94901107041845
65.93126903615384
104.57723379216263
149.29536881429877
193.7797984407754
230.61181348049823
253.45972920808114
258.9538369174033
247.51027951594367
222.91389554597248
191.0056748236301
158.08721558751924
129.59412984920908
109.32671746459532
99.24200648261248
99.63438576475076
109.49349486856153
126.88523881511043
149.28840370085433
173.88492725929657
197.82711426585874
218.49669000967808
233.7474676714066
242.10388647729752
242.88227035442407
236.21165725599388
222.9509910113106
204.5211066074052
182.6859246211936
159.32343688531148
136.22305992059796
114.93445614898937
96.6782191056437
82.31508549369312
72.36056789145393
67.02738660739546
66.27851418219211
69.87764253798937
77.42960464349957
88.40900141462505
102.17973624290971
118.01068268831384
135.09321245469553
152.56512835553536
169.54327283199189
185.16439507538055
198.63138674564433
209.26021940887378
216.52211827361418
220.0757546640736
219.78540773597652
215.72286079794696
208.15290333675682
197.50433876447923
184.33003492074542
169.260584488585
152.95647476028748
136.0633324954011
119.17394188037245
102.79952681977262
87.35145889051283
73.13329757044583
60.34204193981765
49.07676370969412
39.35242776348472
31.116661965662306
24.26744827264623
18.67008800510399
14.17225881166427
10.616453355665165
7.849512846483196
5.729306757071084
4.128848603068187
2.938278419633955
2.0651989737908933
1.4338443924987674
0.9835080158459492
0.6665804802130092
0.4464652277514331
0.2955583021006748
0.19340953661696828
0.12512646817302073
0.08004111939411944
0.05063194586505716
0.03167650076952539
0.019602133686274885
0.011999810071285885
0.007267758583093643
0.004355428227424749
0.0025829357448488455
0.0015159882745073153
0.0008806913698548165
0.0005064569322715997
0.00028833442304011835
