0.008076081468899028
0.09671156159579997
0.5792122655160263
2.3136264705388974
6.936242484767537
16.656029417309618
33.39767529727642
57.59377379807655
87.388761174098
118.9378057845026
147.81856546021476
170.81773034106456
187.0932931998252
198.11690808458872
206.53438804687852
214.6393304319627
223.2408697155442
231.3765279997884
236.84755711981833
237.20616663124864
230.72599276392805
217.00715939498062
197.08824981555455
173.14030963686275
147.93217936185044
124.27026066443743
104.55878494765695
90.54314404044024
83.22637889422309
82.90736834603453
89.28051918697179
101.55091401111997
118.54204708921435
138.7937834249789
160.65955064868416
182.41296089951663
202.367830894443
219.00636904224422
231.10236867924002
237.82241845340027
238.78938677223132
234.09803512792044
224.2807123409967
210.2294173624426
193.0870932071416
174.12455738310268
154.61962893236947
135.75225835895364
118.52484596024595
103.71169410728065
91.83680259819596
83.1757532365803
77.77556554985911
75.48605522245322
75.99701650246902
78.87697323653897
83.6108073710425
89.63490326015365
96.36933279596312
103.24700874137073
109.73973977583545
115.3808928235062
119.78408553623764
122.6571447797252
123.81056874852017
123.15994729463284
120.72219361908931
116.60594499496648
110.99700590067518
104.14014246033368
96.3188222080073
87.83458954039104
78.98767114613108
70.06014432454108
61.302623550135785
52.924986872908974
45.09123351276032
37.918187738387495
31.47747700312267
25.800031902610183
20.88228258202202
16.693247937612973
13.181808511298664
10.283595439509725
7.927090514449182
6.03869421461368
4.5466628492575945
3.38393235093594
2.4899302452441514
1.8115292814710051
1.3033199279293202
0.9273802266592042
0.6527068848122689
0.4544472032276917
0.31304283763768487
0.21336754331271846
0.1439147522527648
0.09606866835375961
0.06347517192668148
0.041516131801554126
0.026882216401368026
