0.0050617517632379995
0.06468972599228283
0.4133710872726085
1.76097953154892
5.62640876871276
14.38141187659017
30.633577056872163
55.93232307533124
89.3656343196951
126.94079467648315
162.3452745740144
188.9064465686657
201.8617500560917
199.90021417827333
185.3869977568046
163.372475790213
139.97965812702893
120.85013481600761
110.09106923972652
109.83184290851278
120.26110315757707
139.93911903561275
166.22364565372595
195.72775606661384
224.7836379594151
249.89842542244895
268.1715402228871
277.6240942296545
277.38918778452467
267.73234384809876
249.9059788100405
225.87700320073367
197.99008090748086
168.6345283968166
139.97116185606035
113.75266795420457
91.24535029193831
73.23844131773345
60.11377411843969
51.94443742983811
48.59450217766838
49.80008905218555
55.22186461473486
64.46806225169254
77.09383971007524
92.58664342531945
110.34836842288058
129.68399614311085
149.8037443735675
169.84227931748418
188.89487121699517
206.06708043558933
220.53207870341137
231.58833085368306
238.71020435172042
241.58507341043037
240.13240913510512
234.50283764187316
225.05778230994375
212.33267342402553
196.98847746398292
179.75726703560997
161.38766824110022
142.59537292655995
124.02268335440958
106.20951978318267
89.57672808273662
74.42109942243177
60.920415924368086
49.146145357700085
39.08113004936649
30.63969633973416
23.68795956240191
18.062609193561023
13.587027627953567
10.084140496362757
7.385858587872658
5.339320070087462
3.8103690928977723
2.6848229234933036
1.8681053017040572
1.2837842013485832
0.8714728611852037
0.5844555236779541
0.3873003363569194
0.25363234739457485
0.16416549580127798
0.10503603584892952
0.06644026306085346
0.041554401285081866
0.025701011305887672
0.015721157298430228
0.009512011757765055
0.005693313813151646
0.003371420798903603
0.0019754454845467098
0.0011454325195344884
0.0006573148853555034
0.00037335595640766673
0.00020992471992915994
0.00011685284085657904
