0.007520590288707887
0.0908226691084338
0.548544570472333
2.2096041965797872
6.679942299046637
16.17380455584412
32.69551952743265
56.82945443646466
86.87607663741795
119.04554815778667
148.79670007970418
172.64207905766472
189.4202490421399
200.38035530337856
208.14031950933628
215.16816908510555
222.57392791424567
229.70783367052184
234.59489882221334
234.86986649876926
228.75099966861862
215.68896968495216
196.53846374350746
173.30519164014152
148.64428093763283
125.31024150748021
105.7093566613846
91.6253463770588
84.11640776721553
83.53764315275662
89.63099965154045
101.63644989527457
118.39989159794587
138.4734035669821
160.21524503528653
181.8988411613063
201.83440242454492
218.49805311777837
230.65559976803488
237.46423783618704
238.53663082579112
233.95725694677006
224.24890650399922
210.2954929018502
193.23391397261008
174.33128252171238
154.86405868504932
136.012921119162
118.78263617216373
103.95096461791542
92.04590717402236
83.34710813527627
77.9053442385856
75.57364639772943
76.04436740622921
78.8879161640822
83.59043620724053
89.5890364821842
96.30407476588864
103.1684046387488
109.65351118240856
115.29223915870769
119.69753888804532
122.57646978819245
123.73870316070672
123.09898141968833
120.67338771259392
116.56978274316921
110.97328020406576
104.12806734344782
96.31716258759124
87.84179927612537
79.00202954729282
70.079882117959
61.326031052712025
52.95049944650212
45.117491947172724
37.94407366364937
31.50212549938021
25.822824978620996
20.902828062098987
16.71134855735327
13.19742577122583
10.296812141430264
7.938075059936993
6.047668820715779
4.553876949301288
3.38964168006815
2.4943815074381326
1.8149498720899544
1.3059119341010583
0.9293178211361643
0.6541362339441679
0.45548809080647473
0.313791331383482
0.21389917319202664
0.14428781016477937
0.096327364336473
0.06365248619370073
0.04163628248450628
0.02696272088726734
