0.00999260363691867
0.11658569447925571
0.680321989314066
2.647998232847795
7.736847954444616
18.111187697471692
35.419258843214266
59.62332124170626
88.43953127230958
117.95468842436776
144.2149668738554
164.89379094043386
180.08010279743388
191.7981560045545
202.62359678456693
214.1980023507673
226.37055485458757
237.26580848813998
244.09991688309282
244.2867609916275
236.36206116991727
220.43400441433585
198.11022163810935
172.04025621127408
145.29625240677524
120.79728940765001
100.90466524206815
87.224087728777
80.5813012320268
81.10499385118813
88.35179389114491
101.4295567825962
119.1019006325872
139.87783820214725
162.10017093259034
184.04530930967806
204.03905957551422
220.58254404951427
232.47406798192836
238.90904101918454
239.54170788043118
234.49848330761682
224.34111475356963
209.98638645266647
192.59563696801683
173.45076714966996
153.83337763122188
134.92073644429655
117.70752387026421
102.95700124656736
91.1805238352951
82.64091706898921
77.37346053729844
75.21796535478072
75.85629545505495
78.85115543806508
83.68355218336693
89.78766363789794
96.58271586827546
103.50184587133727
110.01790820816463
115.66593535801717
120.06166634184044
122.91536604140504
124.04016029823866
123.35433338926566
120.87743891796397
116.72058496908284
111.07177356513249
104.17761115802764
96.32299101402643
87.8104420914839
78.94073948907241
69.99610666571793
61.226959165326186
52.842703908061296
45.00667714628264
37.83492829437769
31.3982709854037
25.726844121270172
20.816354784443007
16.635198547608635
13.131748909005198
10.24125023411264
7.8919119830285815
6.009964047901275
4.523577187863838
3.365668552809103
2.4756957497449323
1.8005942812228382
1.2950363580928927
0.9211899152296619
0.6481416855180981
0.45112366811154225
0.31065358286796013
0.2116710037907197
0.1427245703146045
0.09524355953709651
0.06290977765929744
0.04113311158866473
0.026625647119931328
