0.00019485681550324125
0.0032567077796321463
0.02720970057230547
0.15154870318363212
0.6330452030676113
2.1154615672318764
5.891063755947556
14.06161998178893
29.36871999215776
54.52330821866931
91.10076286772649
138.37876354504
192.67662494017594
247.64421491294354
295.56064668961335
329.2388599916478
343.8497218855201
338.0248717255704
313.92485949183856
276.379032758868
231.51164095408564
185.3551712827001
142.83435208929984
107.28395423065355
80.45415046053483
62.830831320069485
54.06991972685412
53.38789711835693
59.82435438784426
72.36201678872575
89.93678951998498
111.39107146448715
135.42293065808957
160.56986145684084
185.24636898104927
207.83528187965595
226.81725293774684
240.91350481661118
249.21426323376653
251.26898863847146
247.12289180451603
237.2949904099116
222.7036057467991
204.55352728188694
184.20369664588307
163.034796642908
142.33313409105634
123.20189526966202
106.5047072413318
92.84080938576633
82.5469768832165
75.71906846762181
72.24562796223086
71.84692887854196
74.11461502383008
78.54905867043541
84.59326018424845
91.66327123107561
99.17565948360009
106.57252968663703
113.34425809045356
119.0496035765484
123.33242740628013
125.93402427048714
126.7001049617515
125.5817669984566
122.63027772159535
117.98607438383127
111.86294830114
104.52882936359208
96.28485642445513
87.44447863128934
78.31418986961742
69.17719080047553
60.28085790986325
51.828441629044434
43.97497740304784
36.827023806295635
30.445572329267886
24.851317480112762
20.031429617196277
15.947019742513227
12.540600702789803
9.743005364532898
7.479393286023685
5.674141625115546
4.254558062050389
3.153464465147112
2.310776868256022
1.6742517000778172
1.1995848824859536
0.8500458221142272
0.5958092696600048
0.4131207921098097
0.28340137039568486
0.1923672280661787
0.1292149013614277
0.08590008875602916
0.05652235954592835
0.03681610459871416
0.023740539373231836
