0.007578288800649211
0.09143725423976345
0.551761243570522
2.22057418781922
6.707136018013114
16.22534082430166
32.77128284864637
56.91322041957967
86.93464640295159
119.03911268774661
148.69728979159504
172.45051958174338
189.17170610847324
200.1346640011204
207.96150105258232
215.10262092674333
222.636348273112
229.8793014339707
234.83189031923496
235.11916155118155
228.96452690215665
215.83415463701223
196.60225341061616
173.29235336501478
148.57204887839683
125.2017491815377
105.58781839794676
91.5100793455059
84.02092649686307
83.46946003060978
89.59250041832149
101.6262245284524
118.41407039142152
138.5067598641961
160.26200123254745
181.95321983757268
201.89100190878352
218.55211776596627
230.70322528629998
237.5025216284029
238.56375818788584
233.97250915399349
224.2525837111007
210.28875772779944
193.21857486448332
174.309545149776
154.83827658718872
135.98537361600626
118.75535381646404
103.9256124935851
92.02372659070271
83.32890948053023
77.89153892304961
75.56430409135459
76.03928560219207
78.88669164610344
83.5925312843168
89.59383608204054
96.31093309855748
103.17668190113513
109.6626016713749
115.3015923628518
119.70667488675396
122.5849898541745
123.74629604284345
123.10542550467319
120.67854917594705
116.57360988764688
110.97579438903816
104.12935115754988
96.31734613713344
87.8410455994857
79.00052019206538
70.07780383009971
61.323564343806126
52.94780955912522
45.11472246741003
37.94134277067595
31.499524623723424
25.82041948194888
20.900659459472344
16.70943777519154
13.195776960592541
10.295416632030701
7.9369151293949765
6.046721051254433
4.553115037626265
3.3890386474052283
2.493911320381245
1.8145885296045858
1.3056381026766855
0.9291131113889212
0.6539852114912913
0.4553781057005676
0.3137122372156583
0.21384299194747888
0.1442483840995483
0.09630002288005508
0.06363374487963121
0.04162358239865442
0.026954210991477125
