0.030791455660046995
0.31701075520400096
1.6318812010015444
5.6003317158059245
14.41468336523457
29.682385165988315
50.938068988205046
74.94081068684017
96.51662839964388
110.62109888082809
114.44242713001653
108.42285997397569
95.86738271904014
81.62558588066493
70.63825770875258
66.91314174842124
73.06290958264454
90.22983813086717
118.15627765077966
155.26719772888168
198.77322016590853
244.87948498828356
289.1710408270557
327.16967227368457
354.97216729258963
369.82960441130905
370.530948620102
357.50609396541586
332.6399304090661
298.86134824944673
259.61691648107774
218.34877287263066
178.07392538474843
141.12059956347835
109.03201659578112
82.61163850130949
62.063086757174645
47.17310324131676
37.49323469892332
32.48976310785
31.646549658664973
34.51832805695459
40.740918975038554
50.00973125854426
62.03954388409862
76.51797691237203
93.06318398568511
111.19376927764466
130.31611483811525
149.731404569876
168.66180605818607
186.29270405559666
201.8257922730265
214.53645160711352
223.8283487126667
229.27864600134555
230.6685489243761
227.99591601774375
221.46900529852297
211.48276603056038
198.5810684754261
183.4096378354297
166.66508363866268
149.0452854539468
131.20562081161984
113.72429591429126
97.07859779930513
81.63245657733096
67.63447563849077
55.224680345935624
44.44770533321362
35.26997650572966
27.59858703991892
21.29992931503905
16.216630326960388
12.181857851973241
9.030548083919722
6.607505882299317
4.772623001076661
3.4036446549185455
2.3970020202021134
1.6672378277333546
1.1455073422642277
0.7775600858087665
0.5215174531663457
0.34567191502762695
0.22645390733929455
0.1466475258367393
0.09388716864284244
0.05943337730734947
0.03720506559338044
0.023034291387129105
0.014105913075596412
0.008545400641137462
0.005121754403772932
0.0030374512642888122
0.001782593257849016
0.0010353679078940095
0.0005952272399668465
0.0003387363297931583
0.00019084287559965708
