0.009390868819500147
0.11041555182923733
0.6493082003629753
2.546793489948611
7.498227721360209
17.685698625926097
34.84403976856152
59.07472824308495
88.21192278961551
118.34661415857153
145.37073045905308
166.68968101818436
182.12623932727257
193.5623409495067
203.61838115907855
214.14576211961133
225.28174732093424
235.41242399888873
241.91066899248378
242.21360379311196
234.7658053034322
219.51836974706194
197.91062224604266
172.4555113976037
146.14269078862011
121.86502178987324
102.00192998975355
88.20357582461936
81.34915229691785
81.61716873016043
88.60368038019536
101.4437742021069
118.9174417987617
139.54184733506398
161.66233442823443
183.55417906599203
203.53952156672602
220.1138628318549
232.0682592035372
238.58959270478837
239.32281252569913
234.38495029063608
224.32904305084634
210.06454517297087
192.74737672900022
173.6562042459353
154.07157057323735
135.1716075733187
117.95335125638107
103.18339607988696
91.3768949991287
82.80049201489719
77.49297206500316
75.29712694141887
75.89717843676088
78.8575576457175
83.66041805342105
89.74058742033814
96.51753697027169
103.42433062470619
109.93350525063566
115.5795907346719
119.97768707214412
122.83732499294032
123.97083897756336
123.29570161855922
120.83067093520418
116.68611046279031
111.04936008885899
104.16647196467044
96.32191026203981
87.81790808828096
78.95507640094078
70.01559595103458
61.24994369712629
52.86767003612286
45.032312451831416
37.8601551757835
31.422258214287094
25.748999956651105
20.836306063176934
16.652760409556716
13.146889560805171
10.254054541684326
7.902546858047326
6.018647695160635
4.530553420783549
3.3711866419802576
2.479995688537233
1.8038969468566233
1.2975378064585752
0.923058947953042
0.6495198354051683
0.4521268298136299
0.3113746381093433
0.21218292925480953
0.14308365253680225
0.09549246278915624
0.0630803114426856
0.04124862201831216
0.02670301226765156
