0.009570820727056967
0.11226716944587299
0.6586496690125652
2.5774004847940417
7.570729232925277
17.81572576080468
35.02127869964955
59.24645393958761
88.2886703436006
118.23620301890347
145.02658671519936
166.14640022295688
181.50035002730672
193.0156115846741
203.30105478022955
214.1456257870533
225.59915909765616
235.96730119542892
242.5737493472573
242.84700835352837
235.25824599111755
219.80583327576886
197.9803758858532
172.33686478799424
145.89070702243643
121.54336209180207
101.66919828977439
87.90510208510469
81.11407010174479
81.45939083537591
88.52499732623619
101.43755318709877
118.97195101415046
139.64279150968244
161.79459483581326
183.7029577369638
203.69112736106695
220.25631402260694
232.1917808062985
238.68700503427593
239.38976376274934
234.41994265550323
224.33322862226436
210.041307163749
192.70174964408315
173.5942109762761
153.99956138627292
135.09567604789802
117.87888031906985
103.11476004624586
91.31731728663354
82.75203769665522
77.45664209094805
75.27301683421001
75.88466705199514
78.85549874353538
83.66731638993681
89.7547496872163
96.53719477810151
103.4477372224943
109.95900984922592
115.60569464928868
120.00308511171252
122.8609342882466
123.99181629819486
123.31344951027003
120.84483283118674
116.69655522719084
111.05615707120525
104.16985836828837
96.32225325945647
87.81566450532807
78.95075286293087
70.00971213479264
61.243000816454405
52.860125998083724
45.02456436461899
37.852529167652186
31.415005917681132
25.74230057337712
20.830272674865434
16.647449124614738
13.14231016570832
10.250181509817178
7.8993298186169545
6.016020736344401
4.528442861287285
3.3695171297906796
2.478694661451174
1.802897612178956
1.2967808700130776
0.9224933528395312
0.6491027687169548
0.4518232311822119
0.31115640693388275
0.2120279855279389
0.14297496497463213
0.0954171211790534
0.06302868967499668
0.0412136547644839
0.026679591379763716
