0.0075210757868569116
0.09082784334227548
0.5485716677593526
2.2096966665877638
6.680171687935872
16.174239651212517
32.696159874715164
56.830163696894786
86.87657487368543
119.04549889996598
148.79586595118755
172.64046527205969
189.4181509175497
200.37827730938258
208.1388026635876
215.16760664544972
222.57444598950497
229.7092743504544
234.59689580412953
234.87197073727054
228.7528048096535
215.69019972287327
196.5390073443124
173.3050880661138
148.6436750172174
125.30932823131774
105.70833200650223
91.6243736212714
84.11560129382579
83.53706667939738
89.63067356786401
101.63636247709827
118.40001028841193
138.47368430018852
160.2156390583078
181.89929970226595
201.8348798738614
218.4985093157571
230.65600174052312
237.46456106408047
238.5368599722489
233.95738592521272
224.2489378275099
210.29543636356487
193.23378481808987
174.33109935151708
154.86384135079712
136.01268884945557
118.78240609937771
103.95075079294956
92.04572007371439
83.34695460148954
77.9052277472392
75.57356754135203
76.04432448066092
78.88790577135312
83.59045381438503
89.58907690297659
96.30413255459455
103.16847439984329
109.65358780778584
115.29231800562694
119.69761590902806
122.57654162044133
123.73876717908112
123.0990357549208
120.67343123568838
116.56981501765483
110.97330140951189
104.12807817573925
96.31716414331942
87.84179292961157
79.00201682898337
70.07986460219446
61.3260102613298
52.95047677265609
45.11746860147029
37.944050642521475
31.502103573759154
25.82280469966293
20.902809779912324
16.711332448459984
13.197411870707905
10.296800376262734
7.9380652807655325
6.047660830156453
4.553870525631144
3.389636595859691
2.494377543225755
1.814946825536189
1.3059096253529616
0.929316095158715
0.654134960613052
0.45548716347103646
0.31379066449913984
0.2138986994952514
0.14428747773840708
0.09632713380162435
0.063652328171597
0.04163617539984183
0.026962649133013647
