0.00019510253193043075
0.0032597025892773584
0.02723093661413729
0.15165465471511863
0.6334467430987025
2.116676237784342
5.89410013782975
14.068046738520122
29.38043151806209
54.541875756469324
91.12648275488348
138.40977577569396
192.70859121300356
247.67088938147015
295.57528905107193
329.2360333218953
343.82681771301867
337.98281903162297
313.86782678329564
276.3133287492456
231.44427260544182
185.29254519754215
142.7814455945997
107.24404636675769
80.42900109751184
62.82109154791911
54.07555405385742
53.408465166439456
59.85909281738034
72.4097457963785
89.99572314102576
111.45863208392535
135.49565959208377
160.64348745271266
185.31605471949888
207.89602491184917
226.86438102729824
240.94318351381995
249.2239296108166
251.25763932429805
247.09118164102
237.24513318267833
222.6391024799408
204.47877350997996
184.12353349344554
162.9540704200596
142.25631754674308
123.13280486015701
106.44632977995246
92.79523273426715
82.51540599901071
75.70190141080441
72.24256600298432
71.8570990540301
74.13669024317079
78.58136766210752
84.6338855949936
91.71013807668209
99.22661767948452
106.62543387954415
113.39704615965395
119.1003727915338
123.37950507024462
125.97602829559723
126.73598949678312
125.61084897624606
122.65224180623252
118.00095592590375
111.87109614935093
104.53085235549761
96.28155879984773
87.43679031572518
78.30309753261
69.16367489007762
60.26583967458919
51.81274267524888
43.95929282054449
36.81190851700794
30.431439210925582
24.838445065640528
20.019976786756267
15.937044775917332
12.532082277852904
9.73586348739085
7.473508636005603
5.6693723129274
4.250753276440997
3.1504748808600547
2.308461987520773
1.6724844983515037
1.1982542359276047
0.849057226069647
0.5950843341005905
0.41259594112870923
0.28302609568701836
0.19210216428995047
0.12902991391960403
0.0857724975308091
0.05643536824878741
0.03675746492326353
0.023701451002059157
