0.007527706142387013
0.09089850198038413
0.5489416775931969
2.210959232313119
6.683303437018562
16.180179196932766
32.70490012618663
56.83984239275268
86.88336996414925
119.04481783680603
148.78447038904926
172.6184293736061
189.38950878343672
200.34991669809216
208.11810820149174
215.15994411606988
222.58153348288857
229.72895309155655
234.6241633904495
234.90069673316228
228.77744288998204
215.7069837924442
196.54641949959807
173.30366596251628
148.63539687164536
125.29685642353154
105.69434186305443
91.61109374182261
84.1045926514506
83.5291985903939
89.62622395118652
101.63517097745628
118.40163227479336
138.4775181204954
160.22101913811272
181.9055602434469
201.84139826425834
218.50473734750696
230.66148929991516
237.46897346140446
238.5399878699132
233.95914626646442
224.24936495448958
210.2946640015701
193.23202112414228
174.32859827970685
154.86087392900015
136.0095175946182
118.77926490576674
103.94783148241379
92.04316567189835
83.34485850727913
77.90363740646539
75.57249103531323
76.04373853627975
78.88776399197545
83.59069430886113
89.58962886236122
96.30492162765461
103.16942692133156
109.65463403684913
115.293394555178
119.69866751917351
122.57752237931119
123.73964124611776
123.099777609612
120.6740254645698
116.5702556624354
110.97359092280433
104.12822605948853
96.31718537035492
87.8417062645983
79.00184316810517
70.07962544083006
61.32572637790816
52.95016718854766
45.117149845589026
37.94373631948282
31.501804209311675
25.822527818833994
20.90256016272645
16.711112504899777
13.197222079619246
10.296639740475333
7.937931760968144
6.047551731289065
4.553782820343816
3.389567178929108
2.4943234181517364
1.8149052296875374
1.3058781030991446
0.9292925297262208
0.6541175753508732
0.45547450222754476
0.3137815592959981
0.21389223195452056
0.14428293901370223
0.09632398623744125
0.06365017064830035
0.041634713341907895
0.026961669452194796
