0.007539220506263455
0.0910211870945012
0.5495840086861848
2.21315058416173
6.68873777812124
16.190482972306096
32.72005711879843
56.85661721288743
86.89512961916623
119.04359815789526
148.76466292766486
172.58017600790953
189.33981958489295
200.30074557123982
208.08226192160544
215.146719470547
222.59389577216788
229.76314353427705
234.67149530678984
234.95053318407918
228.82016609257667
215.73606791239595
196.55923985429243
173.3011626898697
148.6210067885232
125.27520052829273
105.67006132280571
91.58805322649596
84.08549793802
83.51555553033182
89.61851280269751
101.63311220441555
118.40445368989423
138.48417553955102
160.2303577548843
181.91642501820226
201.85270915044012
218.51554340490466
230.6710097744734
237.47662784706878
238.54541313526875
233.96219846795162
224.25010382585856
210.29332169368212
193.22895890992197
174.32425686879455
154.85572362998465
136.00401392472634
118.77381369827476
103.94276555438165
92.03873316250375
83.34122144125703
77.90087807216777
75.5706234193125
76.04272222362303
78.88751844840928
83.591112118367
89.59058713832549
96.30629133970665
103.17108023164994
109.65644991908628
115.29526300978391
119.70049265071658
122.57922451503981
123.74115819121208
123.101065078928
120.67505671307576
116.57102035396487
110.97409331778124
104.12848265194681
96.31722214854913
87.84155579701296
79.00154172197598
70.07921032280731
61.32523364991457
52.949629862712584
45.11659660802242
37.94319078087925
31.501284636767387
25.82204727153752
20.902126935821162
16.710730780283566
13.196892687706525
10.29636095009348
7.937700032365804
6.047362386733105
4.5536306054867275
3.3894467043456746
2.4942294831719174
1.814833039578622
1.30582339597622
0.9292516318298222
0.6540874032346083
0.45545252869465475
0.313765757291224
0.21388100761578452
0.1442750621288919
0.09631852370128524
0.06364642631659952
0.041632175979469506
0.026959969245800623
