0.007528778584967761
0.0909099299742293
0.5490015164975801
2.2111634000795526
6.683809819234737
16.18113947082634
32.706312990347115
56.84140657732101
86.88446743779726
119.04470621446445
148.78262648255455
172.61486569661122
189.38487801547043
200.3453326207185
208.11476456762665
215.1587079760938
222.58268200667047
229.73213671383633
234.62857300759393
234.9053411294525
228.78142551741587
215.7096960655992
196.54761635002873
173.30343460952668
148.63405734292658
125.29483925216182
105.69207958456266
91.60894660687934
84.10281294427823
83.52792676961148
89.62550487524194
101.6349786672796
118.4018948110663
138.4781382133943
160.22188917383986
181.9065725781619
201.84245223917625
218.50574433438254
230.66237653042734
237.46968682889096
238.54049353463742
233.95943080584846
224.2494339270358
210.29453903389847
193.23173587658428
174.32819381638637
154.86039407363816
136.00900479387283
118.77875697754622
103.94735944139485
92.0427526425638
83.34451958980638
77.90338027086872
75.57231698684144
76.04364381062827
78.88774108614211
83.59073321468586
89.58971812989394
96.30504923429953
103.16958095549886
109.6548032215637
115.29356864088344
119.69883757048278
122.57768097241139
123.73978258572782
123.09989756920618
120.67412155193901
116.57032691428024
110.97363773587527
104.12824997041649
96.3171888004112
87.84169224818675
79.00181508428354
70.07958676552866
61.32568047110583
52.950117126084486
45.11709830025237
37.943685491179565
31.50175580007683
25.82248304546979
20.902519798155122
16.711076938799227
13.197191389395531
10.29661376485995
7.937910170176526
6.047534089502926
4.553768638015788
3.389555953921804
2.494314665911523
1.8148985034805205
1.3058730058361925
0.9292887191141203
0.6541147640965618
0.4554724548646586
0.31378008695742565
0.21389118613482716
0.14428220508970604
0.09632347726830345
0.06364982177160305
0.04163447692383717
0.026961511035730207
