0.008948291697731708
0.10583769900026468
0.6260831099478864
2.4702282697861713
7.315577920996743
17.355259896709796
34.38802776870834
58.62257203967619
87.98898603230292
118.59070903265804
146.20977671669286
168.04830859724171
183.71867801423127
194.981087989142
204.47678306170914
214.20925722324967
224.53545335319674
234.04782497902767
240.24924951619852
240.60472304180655
233.49626432252617
218.7577635228807
197.6988667527763
172.72451463572733
146.7567610699714
122.66428817998222
102.83744983812907
88.9588972423206
81.94843221028584
82.02322699500286
88.81043942150978
101.46697372435939
118.78616752539779
139.29199588578064
161.332086805474
183.18100819319713
203.15814216502775
219.75467756427858
231.75609273854667
238.34271157063563
239.1523416774842
234.29480891938076
224.31645851566003
210.12110563362182
192.86048912468218
173.81076226175892
154.25161941741874
135.36181678892302
118.14016142670228
103.35577360715075
91.52669510525324
82.92248180428966
77.58459675629564
75.35811272466793
75.92905861709237
78.86319086638689
83.64354490991099
89.70545008770034
96.46856913729592
103.36591363812583
109.86978081671793
115.51431957929783
119.91414488938689
122.77823009145496
123.91830890010264
123.25123782699296
120.79517112294917
116.65990731602687
111.03228378342308
104.15793188483917
96.3209898576595
87.8234658160185
78.96584551512562
70.03027653149842
61.26728159014386
52.886519109041004
45.05167845357593
37.87922129969052
31.440393974719825
25.765756088607866
20.851398785054425
16.666048573493452
13.158348024576549
10.263746633358638
7.910598181406038
6.02522284450185
4.535836523067353
3.3753660819830715
2.4832529323791714
1.8063990714838758
1.2994331601471856
0.9244752906842131
0.6505643131827324
0.4528871976651541
0.31192123896196894
0.21257104074997898
0.1433559169236989
0.09568120711888568
0.06320964151122316
0.041336232368604245
0.026761696870943444
