0.05814144209669517
0.4999422480994631
2.1523292889059014
6.194424654705626
13.445584079528334
23.61076856929523
35.31552431911602
47.16204503110892
59.08935803441684
72.9757640277436
91.9516565656852
118.76344076421806
154.07564721177647
195.5605299208504
238.1701033403741
275.43590639036995
301.2518321431015
311.4818169296757
304.885288946254
283.1643509473593
250.2618892474764
211.2543406536236
171.23076861214673
134.45397283834114
103.93273140307333
81.3762761330539
67.40411710893203
61.85882087275027
64.09898289700229
73.20493231565548
88.08422307431225
107.50191238145861
130.07734792406353
154.2877144642823
178.5054828507664
201.07911692424054
220.44960459881298
235.2833722696133
244.59675296074667
247.8484950374398
244.98350222656197
236.42084656354018
222.98951582918363
205.82402606627616
186.2373610493464
165.59008801640775
145.17229684906468
126.11028485083327
109.30406418200457
95.39615812272991
84.76778740839518
77.55594961141915
73.6840930915921
72.89973567499919
74.81392442852191
78.93929157012353
84.72514963381882
91.58928147037669
98.94670725563613
106.23580632172329
112.94189981596301
118.61796870614002
122.90178583014655
125.52852359512664
126.33793180433865
125.27546176704406
122.38718370424607
117.80890892788325
111.75047985820322
104.47663469486686
96.28612230974097
87.49080566975867
78.39635438875071
69.28582488326998
60.40701623115202
51.96403549933421
44.11306920128056
36.96198701363112
30.573132239043616
24.968494498524915
20.136410605571193
16.0389833012109
12.619520229092464
9.809449895213529
7.534341364093771
5.718818436590884
4.29030144531974
3.181621487132268
2.3326296855676047
1.6909694175337173
1.212197004543915
0.8594325098605592
0.602703778960773
0.41811998903591546
0.28698093175193673
0.19489890569747761
0.13098396488447522
0.0871217043555971
0.057356184358490186
0.03737877137938973
0.024115984001296307
