0.009770519797271096
0.11431553904896367
0.6689491880292245
2.6110224860446007
7.650036167921601
17.95721179325677
35.21269138445884
59.42925714119004
88.36502270468965
118.10673556933278
144.6430832696123
165.54970553742027
180.81987780086465
192.42826270045094
202.96904377193113
214.1615406637749
225.95984208864857
236.58257686737807
243.3012104656434
243.53638460571858
235.78946390362646
220.11099321603174
198.04753239706852
172.19952120057684
145.60984532293722
121.1887338050086
101.30456906667449
87.57948279942667
80.85871038111368
81.2889738449098
88.44108954117506
101.43265739462794
119.0331174926987
139.7543540656315
161.94003818501403
183.8661417668094
203.85712984240095
220.41208116384263
232.32666832299375
238.7932030841904
239.46255207122735
234.45771958756958
224.33728764143643
210.01537810283136
192.65136356911466
173.5259743710526
153.92043283050057
135.0123275675911
117.79720150534283
103.03953313550723
91.25206265809494
82.69900683188283
77.4169215818713
75.24670268637583
75.87107162915973
78.85336057246555
83.67499287281505
89.77038220637064
96.55884318375368
103.47348559781318
109.98704780772452
115.63437878141858
120.03098432176309
122.88686140229694
124.01484707145062
123.33292937820606
120.86037155930362
116.70800995475967
111.06360493027576
104.17356065797397
96.3226138490383
87.8131855671724
78.94599111463845
70.0032384951719
61.23536581213503
52.8518324988319
45.016048393933325
37.84414874280553
31.407037208579386
25.734940188457543
20.823644606274854
16.6416148050703
13.137280173984193
10.245927665665121
7.895796681963338
6.0131358240233865
4.526125180177957
3.367683871850083
2.477266099126031
1.8018003674429839
1.2959498100614895
0.9218723986342403
0.6486449000468514
0.4514899450978735
0.31091684572206074
0.2118579042976684
0.14285566366158822
0.09533442536479975
0.06297203118470857
0.04117527720412116
0.026653887238594166
