0.007531196379949129
0.09093569322735155
0.5491364124032411
2.2116236412544117
6.684951271752228
16.183303943275916
32.70949739108845
56.84493164598789
86.8869400171535
119.04445307283991
148.77846872352788
172.60683206048478
189.37444012958608
200.3350011760851
208.10723014487576
215.15592445003227
222.58527350832003
229.73931476024052
234.63851351741357
234.91580980554812
228.79040168181032
215.71580826000522
196.55031253136994
173.30291167161238
148.63103683750978
125.29029170328565
105.68697993724165
91.6041068132289
84.09880156961067
83.52506032028123
89.62388438738218
101.63454552886544
118.40248688037853
138.47953617932447
160.223850465749
181.90885456394022
201.84482803417953
218.50801417227132
230.66437639398038
237.4712947650979
238.54163327313933
233.96007209765108
224.24958930746925
210.2942572564739
193.23109281897786
174.32728204409796
154.8593123715253
136.00784884178867
118.77761202085465
103.94629538965626
92.04182161960742
83.34375563161588
77.90280066499128
75.57192467400593
76.04343030436031
78.88768947267839
83.59082093350544
89.58991937064879
96.30533689594178
103.16992818729217
109.6551846033462
115.29396106849028
119.69922090212047
122.57803847363921
123.74010119310263
123.10016798095707
120.67433815033975
116.570487528044
110.97374325951404
104.12830386793657
96.31719652995237
87.84166064999008
79.00175177548766
70.07949958162207
61.32557698618118
52.950004273712786
45.11698210542971
37.94357091292449
31.501646675097575
25.822382116658083
20.90242880780693
16.71099676529813
13.19712220720597
10.296555210426257
7.9378615000792845
6.0474943213033505
4.553736668161594
3.389530650484653
2.494294936602089
1.8148833412648169
1.3058615155917395
0.9292801292406265
0.6541084269760769
0.4554678397078337
0.3137767680194441
0.21388882865448117
0.14428055068342813
0.09632232995414501
0.06364903533686014
0.04163394399253946
0.026961153935028577
