0.00823565448382775
0.09839193852101116
0.587901216670382
2.342871886448479
7.007674665993663
16.789027165651213
33.58862487740927
57.79680720361411
87.51611679992531
118.8892909896066
147.5299316363325
170.30215128343244
186.45123339036715
197.50687375388918
206.11812939039848
214.5267748191456
223.45733057768257
231.86185356388074
237.4824430745248
237.85176647352037
231.2615385109149
217.3548211747584
197.22137658999077
173.07728258915807
147.7215850378325
123.97370441279648
104.23621404344644
90.24321399715892
82.98220261841765
82.73653151877843
89.18766405410538
101.53130305571133
118.58499961986314
138.88543534328915
160.78482863935324
182.55691350648067
202.51653563487992
219.14759695284818
231.2261027559302
237.92124199803305
238.85870962852042
234.13611640511417
224.28845902518464
210.2099740312262
193.0452736227121
174.0661928956326
154.55091611624874
135.67917948329142
118.45271516018697
103.64485579456894
91.77848296515047
83.128045377024
77.73951623403967
75.46181700739679
75.98403123696335
78.87415980551647
83.6167352106777
89.64794164280246
96.38777271557088
103.26915877945878
109.7639996082286
115.40580849533767
119.80838995153204
122.67978569033743
123.83072541927224
123.17703629921328
120.73586400926325
116.61606333863992
111.00363224737448
104.14349896532742
96.31925673806815
87.83253695269845
78.9836150019259
70.0545815643848
61.29603416827299
52.91780997155709
45.08385039536518
37.91091201118216
31.470551074107448
25.793628845653107
20.87651209050824
16.688165019641026
13.177423649585768
10.279885114947826
7.924007229903764
6.0361754152098825
4.544638384459388
3.3823303392773223
2.488681371635289
1.8105696754204537
1.3025928414967756
0.9268367606702173
0.6523060103094774
0.4541553022349959
0.31283295213905943
0.21321848132007676
0.143810160422912
0.09599614535370338
0.06342546752291095
0.041482454054870874
0.026859653087067222
