0.007806241934050111
0.09385867402733034
0.5643979360358163
2.263534517082791
6.813256243063619
16.42561180578533
33.06406887146702
57.234029159558595
87.1536928283645
119.00258124356002
148.2993264448223
171.69832236565745
188.20547589402855
199.1884582570678
207.28290709013305
214.86841725052486
222.8990755437843
230.5612942067965
235.7614368464778
236.08886194375333
229.78874438787588
216.38856248055316
196.83869197952785
173.23157426855636
148.28253604205162
124.77410545142811
105.11227510762328
91.06126777657205
83.65071744862489
83.20638401497928
89.44527028993313
101.58895598827453
118.4714706863308
138.63838176473737
160.44533616617383
182.1658056285674
202.1118588120509
218.7627860331264
230.88855831205248
237.6512699395274
238.66890557707745
234.03130475312838
224.26624161267162
210.2618469564716
193.1581744037772
174.22427450598957
154.73732384435417
135.87763031390384
118.64873558803538
103.82660551247649
91.93716175306568
83.2579359157112
77.83774966334215
75.52796002683604
76.01958718069125
78.8820577268259
83.60085740118657
89.61271696151404
96.33784448143244
103.20912355698927
109.69820696589849
115.33821050572176
119.74243102834765
122.61832650310826
123.77599763774153
123.13062689061543
120.69872839984362
116.58856607627199
110.98561228372972
104.13435485698902
96.31804546352858
87.83807904331404
78.99459849428634
70.06965791750766
61.313900615744885
52.93727455976197
45.10387791711392
37.930650915660216
31.489343008975844
25.811003631398233
20.892171588073996
16.701959549680517
13.189324429170751
10.289955700997611
7.932376313888891
6.043012609115687
4.550133961980483
3.3866793110394964
2.4920718141800147
1.813174912037573
1.3045668814851892
0.9283123227417109
0.653394459905668
0.45494789455515044
0.31340286806447454
0.21362325201724983
0.14409418337119695
0.09619309025090414
0.06356044985885254
0.04157391549078916
0.026920931941554344
