0.007524173893033578
0.09086086049718708
0.5487445711113212
2.2102866790610913
6.681635257182754
16.177015541415198
32.700244977313915
56.83468792147282
86.87975209358457
119.04518260374454
148.79054218386307
172.63016800032779
189.40476488785626
200.36502129336583
208.12912812434058
215.1640219318224
222.57775486101679
229.7184686116403
234.6096379989524
234.8853958675158
228.7643205580855
215.6980455841318
196.54247346697153
173.30442533756613
148.63980770624653
125.30350049625358
105.70179417670653
91.61816732515811
84.1104561769694
83.53338913949344
89.62859359046358
101.63580519015105
118.4007679351085
138.47547571779486
160.21815319540391
181.90222539476872
201.8379261370114
218.501419936528
230.6585663501314
237.46662323729964
238.53832186720084
233.95820871730194
224.24913755850557
210.2950755221776
193.23296067925702
174.32993059434472
154.8624546350118
136.01120685854534
118.78093814138667
103.94938651464336
92.04452631803355
83.34597501915995
77.90448451344037
75.57306443465276
76.04405062638864
78.88783948812943
83.59056617948542
89.58933482589109
96.30450128922993
103.16891952057466
109.65407672289743
115.29282109264913
119.6981073435189
122.57699994651368
123.73917564741039
123.09938243897909
120.67370893220183
116.57002094196571
110.97343670756831
104.12814728780519
96.31717406633501
87.84175243254136
79.00193567691802
70.07975284026556
61.3258775996487
52.95033210024859
45.117319642608024
37.94390375491029
31.50196367630272
25.82267530897802
20.902693129827725
16.71122966523995
13.197323178158882
10.296725308418576
7.938002884644082
6.047609846327985
4.55382953937662
3.3896041560643515
2.494352249579961
1.814927387018705
1.3058948944074125
0.9293050825810604
0.6541268361435342
0.455481246624226
0.3137864094576989
0.21389567708430723
0.14428535670081746
0.09632566288079415
0.06365131991662043
0.04163549214984756
0.026962191307667763
