0.00019498988305355146
0.003258021574076481
0.02721810005010697
0.15158905878620002
0.6331962974512043
2.115916919308431
5.892200729361999
14.064025674719662
29.373103522623925
54.530257839064184
91.11038970851503
138.39037165417534
192.68859070471686
247.65420060374433
295.56612931745696
329.2378042341092
343.8411509884397
338.00913299210015
313.9035128774672
276.35443946320606
231.4864237015867
185.33172820662247
142.81454639602293
107.26901344232404
80.44473342049696
62.82718180102319
54.072024490256624
53.39559140066932
59.83735261237534
72.37987759923816
89.95884478170318
111.41635680980758
135.45015196379276
160.59742041204845
185.2724552770836
207.85802321600676
226.8349003885809
240.92462280939728
249.2178919254699
251.2647517863812
247.11103377185157
237.27633909295744
222.67947095030183
204.52555377562229
184.17369616243946
163.00458303667898
142.30438155360136
123.17603246899174
106.48285239653067
92.82374428608472
82.53515286308541
75.71263483464149
72.24447319906386
71.85072651281548
74.12286858533459
78.5611428480247
84.60845754669249
91.68080533364166
99.19472575509363
106.59232530312116
113.36401134913098
119.06860239237686
123.35004574629262
125.94974482271914
126.71353621332524
125.59265317627366
122.63850065200162
117.99164712374817
111.8660012312532
104.52959017308413
96.28362594863762
87.44160476721777
78.3100417790245
69.17213534668039
60.27523982997188
51.82256839552103
43.96910916175974
36.82136826246416
30.44028404000673
24.846500730938313
20.02714391617023
15.94328694710431
12.537412875940506
9.740332606180022
7.477190972075737
5.672356679021143
4.253134062370625
3.152345541360287
2.3099104491143954
1.6735902531350628
1.1990868234077903
0.8496757843123033
0.5955379160839497
0.41292432903133636
0.2832608941495083
0.19226800502425903
0.12914565246315024
0.08585232485265655
0.056489793643573614
0.036794151940968495
0.023725905769171277
