0.00267475462348155
0.03635175861117482
0.24702279783927286
1.1190710562380592
3.802245460059248
10.335081725201837
23.410421353230436
45.45313156616892
77.22173405983355
116.62486196329583
158.54285205227256
195.99383594702306
222.24755395416906
232.96460817551562
227.45394188301998
208.63485082856494
181.91016426885074
153.55012763692417
129.21346963269653
112.98954817779986
107.03535924176735
111.66580612607662
125.68876306179455
146.82020190124302
172.09651377326534
198.2639614407093
222.14747683116775
240.9914411186956
252.74536995772377
256.2566949789785
251.339550877791
238.71009615578296
219.8062029719476
196.53206447554416
170.9793323576896
145.17386165700475
120.88369620443567
99.504982209586
82.02385781965911
69.03843268554618
60.81786036882515
57.3751031226347
58.534614826063304
63.983464020509956
73.30211391711309
85.97747164672766
101.4049672980972
118.88807441993703
137.6431094459877
156.81493524119966
175.5060647352078
192.81833177793516
207.90338624504173
220.01623592677615
228.56515820838095
233.1515904599451
233.59493556139566
229.939290269983
222.44152868982238
211.54254017252444
197.82537001019998
181.96528741722975
164.67729047066655
146.66627366457476
128.58416972340657
110.99704967283878
94.36366962149498
79.02551933124064
65.2072365256028
53.02541289090942
42.50337100039783
33.58941077919492
26.17623905752349
20.119711435919005
15.255533066458659
11.41309635940713
8.426112466911722
6.1400779723282986
4.416890609145648
3.1370895210617924
2.200261425953347
1.5241461941973122
1.0429179288688362
0.705032928314098
0.47094205535072514
0.3108750793073694
0.2028265566286422
0.13081059618672283
0.08340606127438638
0.05258295228425818
0.032782329905403244
0.020213233088732595
0.012327792524779918
0.007437718340445289
0.0044396551161245195
0.002622182948424195
0.0015326010395239687
0.0008865326635191436
0.0005075817814539386
0.00028767902023459324
0.00016141561712797422
