0.0075412443593020915
0.09104274833934912
0.5496968792130643
2.21353559097766
6.68969239687348
16.192292612858985
32.72271841988824
56.85956131982103
86.89719124705263
119.04337894494677
148.76117909371516
172.57345420284258
189.33109252675172
200.2921133903547
208.075973347351
215.14440576237547
222.59607573186042
229.7691552053247
234.67981192677487
234.95928633627344
228.82766712019804
215.74117167190565
196.56148649369874
173.3007182969135
148.61847562933875
125.27139449364589
105.66579554574903
91.58400626493518
84.08214472174134
83.51316024016297
89.61715954124502
101.63275169959279
118.40495021170025
138.48534563973539
160.23199859193952
181.91833372983132
201.85469605515698
218.51744150016967
230.67268194930753
237.47797216158546
238.5463658466418
233.96273431401787
224.25023331826847
210.29308562679367
193.2284207556358
174.32349404897124
154.85481876226754
136.00304702545512
118.77285605391351
103.94187562369885
92.0379545287854
83.34058256056318
77.9003933941626
75.57029539616293
76.04254375187077
78.88747537781691
83.5911855771799
89.59075553767497
96.30653201187474
103.1713707186947
109.65676895982057
115.29559128022748
119.70081330467042
122.57952355625827
123.74142469392788
123.10129126371169
120.6752378819216
116.5711546915598
110.97418157312504
104.1285277232185
96.31722860184196
87.84152935439347
79.00148875525548
70.07913738634126
61.3251470793198
52.949535457752106
45.116499408400955
37.943094934595265
31.50119335300685
25.821962844521583
20.902050822793885
16.710663715854015
13.196834817683454
10.296311970261257
7.937659320779201
6.047329121531033
4.55360386351603
3.3894255387317145
2.494212980209923
1.8148203568878265
1.3058137847949558
0.9292444467255642
0.654082102487199
0.455448668310908
0.31376298114683854
0.21387903569297448
0.14427367829825513
0.0963175640309246
0.063645768505202
0.04163173021143973
0.026959670551183156
