0.01309204776129671
0.1474801857166009
0.8309876790014358
3.123551865395949
8.815653271273282
19.94313805832154
37.72204124298199
61.504250906983216
88.58236075340504
115.19313493405771
138.21832321988768
156.5593636777831
171.37327039903573
185.09352381549093
199.86233796506656
216.23790694351166
232.7696488136681
246.52017403769784
254.1764263343785
253.21942400514374
242.71436288956096
223.52372913251494
197.99466137398755
169.33104571181647
140.90057111008716
115.67169995888915
95.8757362904769
82.89367052991363
77.30633915168356
79.02722272129093
87.45063566212747
101.57748133127598
120.11046713680796
141.53069821323064
164.17459016354087
186.32597929307119
206.32787082591554
222.70667138792282
234.29314811244947
240.3210337717045
240.48648793005998
234.9582813354052
224.33741772436946
209.5735597386345
191.85211712057014
172.4690405510547
152.7100473577629
133.74781064996975
116.5657132304619
101.91139326165796
90.27860455358912
81.91260574320187
76.83264392831289
74.8649659595502
75.68075701572695
78.83494195279312
83.80339414867755
90.01741530700518
96.89518925576104
103.87025251184454
110.41696973893447
116.07272681710467
120.45624243366738
123.28120099770906
124.3644144790004
123.62794925704793
121.09506703211542
116.88034611387789
111.17487333961363
104.22783499162692
96.32611755512616
87.77361900459603
78.87186676174993
69.90326855282649
61.117937774891104
52.724596626403816
44.88562829611306
37.715974201942366
31.285288249646765
25.622584112858824
20.72254354956788
16.5526802135205
13.060651928578968
10.181158723517054
7.842028302505752
5.9692530040359575
4.490886271933721
3.339822107285537
2.455563669190585
1.785137742966696
1.283334190187619
0.9124496640721701
0.6416993986299087
0.44643602054308074
0.3072853952524667
0.20928054576441996
0.14104840235639218
0.09408209556958178
0.062114279479799785
0.04059446316262996
0.02626499653213261
