0.011175060576895957
0.12853987592098615
0.7395047806049259
2.8379245132166453
8.1760827287822
18.875600092966152
36.41655687141922
60.508307970410215
88.67222666838585
117.02286913027798
141.9203431611606
161.5363718636861
176.42257181680745
188.81597269166318
201.1601011669084
214.68022742442128
228.69433887120155
240.87029455372715
248.1738245245939
248.01323935669288
239.1178815444713
221.89528592272757
198.2588432392843
171.09622956240338
143.61481378836717
118.76690485580116
98.8698622209758
85.44223425441959
79.21052069463379
80.21379106917709
87.93953505952034
101.44901792212174
119.47862067176162
140.52435491548545
162.9255035691598
184.96109836568817
204.9638434321703
221.4451761770221
233.21665941992845
239.4893224926845
239.9344653648524
234.69572952308255
224.35084217085412
209.83000280483347
192.30441840887158
173.0618134970277
153.38559246754014
134.45128998033576
117.2491194386944
102.53609813349966
90.81650884333581
82.34609318077773
77.15364749254191
75.073484333163
75.78312865802347
78.84211612743938
83.72935590539538
89.87784391740222
96.70636914131646
103.64821724437583
110.17684225252702
115.8282177016843
120.2192766074184
123.06165491527355
124.16995649284647
123.46398195763621
120.96477145865802
116.78482432426911
111.11337959989717
104.19807879484281
96.324615652448
87.79606996813908
78.91352096772593
69.9592688771057
61.18361118980815
52.79568339221177
44.95844253810531
37.787496403079686
31.353195819933976
25.68523025180729
20.77889692218428
16.602238597618804
13.103342237548961
10.217234050362359
7.871970287161193
5.993685284968135
4.510502359521692
3.355328930023899
2.467640416618705
1.7944084979161514
1.2903521781707543
0.9176906771786708
0.6455619816110254
0.4492462407393234
0.3093043675710324
0.21071327733947834
0.14205290638770082
0.09477806643338527
0.06259090393829851
0.040917160163085727
0.026481034010272627
