0.008124695261591531
0.09722400987499212
0.5818649192779829
2.322565314924624
6.958104672047684
16.6967991048746
33.45633593815963
57.656373532164544
87.42845191112814
118.92380149666819
147.7309526593677
170.6602472853403
186.89647639818213
197.92924132693815
206.40555426574275
214.60329578224895
223.3057348988154
231.52415687693684
237.0415620837801
237.40402184399275
230.8905864168648
217.11446445872346
197.12990773838231
173.12179281371684
147.86827257815912
124.17979854059412
104.46014345048998
90.4512703195916
83.15147044681727
82.8548637093597
89.25188148438583
101.54472006239945
118.55504125928529
138.82172593019294
160.697825530461
182.45698643529323
202.41333925694457
219.0496108251178
231.14027207160402
237.8527082371191
238.81065355127944
234.10974224173174
224.28313420662533
210.22351390433775
193.0743358947873
174.10672978780954
154.59862701561215
135.7299130168588
118.50278401304877
103.69124587064091
91.8189563136108
83.16115041314943
77.7645274431408
75.47862933758158
75.99303273158509
78.8761013140844
83.61260998746477
89.63888176626828
96.37496452224062
103.25377635065153
109.74715376777965
115.38850845386303
119.79151520679783
122.66406660004598
123.81673163161747
123.16517272754989
120.7263741838564
116.60903979225931
110.99903320015791
104.14117010700978
96.31895649464131
87.83396336865984
78.98643232061207
70.05844475193283
61.30060996657684
52.9227935215701
45.08897697327123
37.915963898830064
31.47535998794136
25.798074640938996
20.880518626528033
16.69169412178097
13.180468054808482
10.282461165069005
7.926147912080911
6.03792416877033
4.5460439202706455
3.383442568212342
2.489548421314452
1.8112358922059426
1.3030976257947484
0.9272140629758153
0.6525843165162544
0.45435795263509077
0.3129786629653687
0.21332196547451202
0.14388277140062009
0.09604649285427097
0.06345997352858868
0.041505833841620716
0.02687531692353392
