0.036089483958848464
0.3453069683486234
1.653424169651502
5.286884271718162
12.718916489703103
24.62433077360092
40.16604046505823
57.280572113975786
73.96953715885547
89.72944020741457
106.0736385414634
125.73267011093861
150.9941770230769
182.12443862047974
216.6812543929921
249.9955464509176
276.53544054946514
291.5424387462469
292.3236769062089
278.8192106269021
253.38766089959086
220.0231684229657
183.34656701268707
147.69445593336422
116.51009101758243
92.0910336801563
75.62995921599229
67.42615265749049
67.14445677147853
74.03519306645693
87.0776511940863
105.05161022041399
126.56615105421976
150.08158057465377
173.95291789941606
196.50852065155274
216.16122863779924
231.53651512130818
241.59520646630082
245.7280414645341
243.80474145829308
236.16928972550252
223.58323201744187
207.12762200049636
188.08002254633823
167.7849626855992
147.53463386812166
128.47233182186437
111.52554876821947
97.37004281658643
86.42170979569529
78.85024626889495
74.60752407643214
73.46400984973243
75.04794241740737
78.8837544966476
84.42790184740849
91.10151778631419
98.32000842265958
105.51987620010941
112.18285297817366
117.85703749930944
122.17435876819623
124.86347266845208
125.75722126524471
124.794048384981
122.01321775425282
117.54423012872698
111.5913794106365
104.41483030321753
96.30987343657699
87.58608519328534
78.54799196232672
69.47854617642564
60.6263187799622
52.196863077455625
44.34826914563857
37.190555827859214
30.78827180892588
25.16551306937763
20.312508907867365
16.192967276486062
12.751478673984765
9.920429279141398
7.626042415872321
5.793331035622247
4.349886837375809
3.2285445074331673
2.369038841052134
1.7188194223462243
1.233206549365106
0.8750694266033715
0.6141900326598401
0.4264497822764591
0.29294637274784696
0.19911895360703702
0.13393357152348456
0.0891591249765874
0.05874728543215819
0.038317811001128556
0.0247427959073286
