0.007526715462081589
0.09088794503728742
0.548886398486059
2.2107706180540765
6.682835618989226
16.179292026798613
32.703594767938405
56.838397134306376
86.88235576189393
119.04492058758225
148.78617354330856
172.62172149982104
189.39378700499336
200.35415207429932
208.12119781941715
215.16108681819676
222.58047305090136
229.72601234392417
234.62008975074409
234.89640593807985
228.7737632727195
215.7044776813943
196.54531339024697
173.30387934812867
148.63663413712325
125.29871983463126
105.69643181308729
91.61307739110292
84.10623690050289
83.5303736517273
89.62688836303661
101.63534872788082
118.40138979968097
138.4769452987502
160.22021538929886
181.90462501639837
201.8404245552494
218.50380703844277
230.66066962030766
237.46831439991274
238.5395206913179
233.95888337289182
224.24930121214157
210.29477943186015
193.23228463087318
174.32897192641866
154.86131722952024
136.0099913347413
118.7797341473656
103.94826757238137
92.043547246388
83.3451716156484
77.90387496241019
75.57265183263236
76.04382605230303
78.88778515806098
83.59065837078896
89.58954639793865
96.3048037437538
103.16928462229366
109.65447774074698
115.29323373092488
119.69851042161
122.57737586683525
123.73951067263606
123.09966678738056
120.6739366960106
116.57018983751507
110.97354767503198
104.12820396931485
96.31718220097007
87.84171921275846
79.00186911216069
70.07966116963298
61.3257687874252
52.950213437236734
45.11719746425596
37.943783275790786
31.50184893086967
25.822569181521104
20.902597452489093
16.71114536173733
13.197250432015421
10.29666373740901
7.937951707098049
6.047568029231714
4.553795922353376
3.3895775488909377
2.4943315037076674
1.8149114435411489
1.305882812091125
0.9292960500756532
0.6541201724664976
0.45547639363932396
0.3137829194843955
0.21389319811284913
0.14428361703397133
0.09632445643800318
0.06365049295086467
0.041634931751933384
0.02696181580205675
