2.2429002481892147e-6
4.467662909430288e-5
0.0004449598658793853
0.002954404965298037
0.014712296605227883
0.05861123954045883
0.19458084919650273
0.5536974113035227
1.3786465702686825
3.0512716506392463
6.077868686788869
11.00598880721601
18.269146592168287
27.992736104466136
39.82793232482249
52.88919528648387
65.84419061400988
77.15056349578909
85.37630256794232
89.50657798851032
89.14507310275177
84.55774687850273
76.56204838821023
66.31127273770923
55.045933561165924
43.87871979278929
33.65506656396761
24.90081225011022
17.8433743896072
12.479369839234222
8.65977252884769
6.16987366385823
4.790710462936778
4.337425087943369
4.676170439020593
5.724326914051013
7.439595844389601
9.802992891919354
12.799742279230488
16.401091074794703
20.549303729343993
25.147516851908776
30.055599233163438
35.092556066088676
40.0452989452624
44.68282243669079
48.77409730595024
52.10744770457009
54.508942223508335
55.85745841068093
56.09456498302856
55.22812184789506
53.32938997263586
50.52431556817131
46.980363742113305
42.89072450956423
38.45785457081674
33.878166237696036
29.329293315730155
24.960845085222076
20.889003961564658
17.19481845992966
13.925654090025263
11.099023002801355
8.707920896487343
6.726835637145223
5.117720675789547
3.8354071498774776
2.832123962286839
2.0609756728610735
1.4783747052814253
1.0455284916389067
0.7291436090402853
0.5015334585046818
0.34031249037306455
0.22783808594389918
0.15052978070187745
0.09816154866120064
0.06319118455302136
0.04016419833139565
0.02520918548254235
