2.24041484487816e-6
4.462981675680558e-5
0.00044452047537086426
0.0029516657604453417
0.014699543515052095
0.05856396952447987
0.1944356595707884
0.5533176703351858
1.3777842468268418
3.049547255719604
6.0748006372126735
11.001097334858652
18.262129766239163
27.98367428619274
39.817443383953375
52.87845937031569
65.83480006691025
77.1442183931419
85.37443578245842
89.51002530821135
89.15388911562101
84.57121444337133
76.57886353602943
66.32983536441265
55.06465431273051
43.896266152689776
33.6705045983447
24.91363830073172
17.853459876541535
12.486856099916636
8.664952204128245
6.173085708647518
4.79226344041294
4.337552532931278
4.675014912533097
5.7219460373987525
7.435983049113378
9.79810650552973
12.793537815157732
16.39355263030054
20.540471091863935
25.137505429013032
30.044610501998708
35.0808770762412
40.033290558966414
44.67089735566655
48.762690304347466
52.096981605059625
54.4997937888186
55.84992833615309
56.08885555278007
55.22432467108102
53.32748475875299
50.524179391514394
46.98178893689958
42.89344242192085
38.46156197447723
33.882551300421895
29.33405850053353
24.965725144127596
20.89377806727118
17.199316370633493
13.92975693886387
11.102659778414987
8.711061917067283
6.729484340061674
5.119904898678141
3.8371708291297564
2.8335198821806693
2.062059613356192
1.4792010935559727
1.046147480175657
0.7295993857788149
0.5018635362258628
0.34054771098562076
0.2280030963635242
0.15064377682812796
0.09823913121453855
0.06324321701375704
0.04019859783532737
0.025231609845688105
