2.240409890600011e-6
4.462972344011188e-5
0.000444519599448776
0.0029516602996555877
0.014699518089937014
0.05856387528121778
0.1944353700912667
0.5533169131742214
1.3777825273731228
3.049543817149083
6.074794518975176
11.001087579821366
18.262115771679095
27.983656211575518
39.817422460627185
52.878437951143745
65.83478132722088
77.14420572370953
85.37443204179621
89.51003216453356
89.15390667937635
84.57124128580573
76.57889705766895
66.32987237465466
55.06469164187266
43.896301142827106
33.67053538623773
24.91366388119979
17.853479992531636
12.486871032870122
8.664962537462173
6.1730921183630425
4.792266542083918
4.337552792635736
4.67501261499987
5.721941297987584
7.4359758551427015
9.7980967742289
12.793525458011237
16.393537615618
20.540453498803032
25.137485487307345
30.04458861280124
35.080853811162484
40.03326663667656
44.67087359814903
48.76266757762209
52.09696075141808
54.49977555888254
55.849913329092196
56.088844171787706
55.22431709892352
53.32748095530546
50.524179112191156
46.98179176827974
42.89344782904617
38.46156935346248
33.88256003017714
29.334067988386646
24.96573486167587
20.893787574558736
17.199325328444072
13.929765110305551
11.102667021920558
8.711068173402314
6.72948961597634
5.119909249542064
3.8371743423971316
2.8335226629461086
2.0620617726957433
1.4792027398626901
1.0461487133369025
0.7296002938078134
0.5018641938439687
0.34054817962916806
0.22800342513045457
0.1506440039589827
0.09823928579664401
0.06324332068981327
0.04019866637864226
0.025231654528627828
