1.336773315357846e-10
1.3301731504849825e-9
7.013543709839402e-9
2.9159531576669272e-8
1.2725903499707568e-7
6.424605628460503e-7
3.346274842016657e-6
1.6177760220579014e-5
7.012057929194041e-5
0.0002720407408960873
0.000951716933387334
0.0030284705247371905
0.008835180413841914
0.02379378030467722
0.05950203245625839
0.13887955649111183
0.3038900660882104
0.6258436564678759
1.217283265363185
2.2430366044796406
3.9264916472253844
6.546115992710531
10.41739973221056
15.857320591203386
23.13219679130837
32.39479105603502
43.62145512171498
56.563294657335334
70.72532961317962
85.38376394425582
99.64427566460283
112.53535212641144
123.1224671481995
130.62361028806916
134.5058209297853
134.54617278263308
130.84802183159456
123.81228843144648
114.07184546217185
102.40288073632392
89.62940147146871
76.53585762688589
63.799015370677715
51.94500998614621
41.332290308191666
32.156981132913494
24.47460845316511
18.231239998473043
13.297600593168761
9.501135631344553
6.652790185693189
4.5670100192293255
3.074871238555279
2.031184520428445
1.3169034390515786
0.8382808707169759
0.5240827222764791
0.3219017221542745
0.19430931469670187
0.11530281809452918
0.06728015526826499
0.03861494881779192
0.021805301075098787
0.012117690379276319
0.00662884998999498
0.0035704515809006454
0.0018939893207898899
0.0009896942263885931
0.0005095542608885622
0.0002585470936952073
0.00012931232901408139
6.376463800751308e-5
3.100599806569815e-5
1.487034926217705e-5
7.035383287240699e-6
3.2841638236404437e-6
1.5128976005083823e-6
6.878870322669116e-7
3.087598584904606e-7
1.3683338018028082e-7
5.988256325745301e-8
