0.00011398735578210749
0.001642016447887617
0.011826829401318696
0.0567894817061196
0.2045166866459743
0.5892228712836549
1.4146507830349473
2.9112012101417792
5.242079062594822
8.39041026850759
12.086691462330084
15.828670365141274
19.002336253557132
21.059308077226802
21.67661874467442
20.836369991034676
18.804481845561934
16.033038167097803
13.036083642451503
10.286749812845274
8.162503102517906
6.93981808186133
6.821399151129674
7.9726039977586005
10.547093017780465
14.690323324655251
20.51903174298272
28.082678925220804
37.31786749577537
48.008771667093825
59.765732987442235
72.03070189186442
84.11277107980162
95.25070006162987
104.69342792115282
111.78547727812385
116.04284779751781
117.2067759228697
115.26711119625188
110.45291272660735
103.1937953096205
94.06025354291522
83.69379789044807
72.7379812193185
61.77958558548923
51.306087923839165
41.68189868198073
33.14256066622057
25.80365619705811
19.679841260482508
14.70916470520884
10.778399066557094
7.746175634091106
5.461952192006248
3.7799891994513826
2.5684096543676063
1.714007393613068
1.1237617858564508
0.7240735617719942
0.4586349036679353
0.28566187130019977
0.17500838862283102
0.10548813176234144
0.06257480079044167
0.03653893846256584
0.021007723545335907
0.011895192711564457
0.006634880479726177
0.0036463689986505994
0.001974912911024948
0.001054353716661189
0.0005549634851409299
0.0002880503031946543
0.00014746260472276934
7.447090050663525e-5
3.710750599398544e-5
1.8246711198505643e-5
8.855850927809476e-6
4.242991081982585e-6
2.0071574971654894e-6
9.376222165752173e-7
