1.3638350838865408e-5
0.00024154562511628972
0.002138978887674531
0.012627650724938521
0.05591133826890824
0.198046513393019
0.5845925399122891
1.4790830087699047
3.2744614531307965
6.443690897942976
11.4122700132079
18.374550520251862
27.118953535479623
36.94598217602838
46.73877208932807
55.18554463694209
61.08682420130335
63.64261167245005
62.62425329860652
58.38479341019913
51.72356516220429
43.66707213234891
35.24293610742821
27.308282796708472
20.462000112908058
15.038054611803501
11.155661870199845
8.794917906844681
7.870628087533254
8.286958146849637
9.966086896692259
12.852216663348246
16.89716613038523
22.035758186276002
28.15922856947608
35.09372269687439
42.58911883279799
50.32118071673859
57.90759205922166
64.93599807334355
71.00009308213627
75.73838694141752
78.86981623064678
80.22092911177752
79.74084438993157
77.50225516201726
73.68899174220542
68.57264413577307
62.482127954861014
55.77067368535239
48.78452123577747
41.83675896863227
35.188507883847535
29.038297104132006
23.5192542517696
18.702816806970574
14.60713878055723
11.208215235357175
8.451905472549853
6.2653997011674925
4.567133370164314
3.2746133015322214
2.310013375630997
1.6036888423603013
1.0959387833342267
0.737427114151644
0.48867635843361473
0.3190014731838848
0.2051775966793182
0.13005498705783294
0.08125968466433418
0.050056784276983686
0.030407212731645348
0.018217967159159926
0.010767487037473626
0.0062791268499615875
0.0036135313500920917
0.0020525193694529444
0.0011509032700038142
0.0006371737787121842
0.00034834860098498807
