3.444261582446528e-6
6.695194839740055e-5
0.0006507292327990857
0.004216442235120533
0.020490533035150065
0.07966184202775765
0.25808703399961513
0.7166964267818738
1.7414553540830362
3.761290942483465
7.31145853113786
12.92047349509264
20.929761448934748
31.29594174618462
43.453733536463986
56.31226151059439
68.4148181148469
78.22914708061394
84.4819264568245
86.43286007551286
84.00787304723886
77.76388151933136
68.7144395010262
58.08342407331978
47.062215723902426
36.62814954614941
27.451019753055785
19.884151516626694
14.016485512467952
9.75507768849187
6.910888978964379
5.269773064879864
4.640444369386879
4.878926730627368
5.893510324409371
7.635954655587549
10.084571348747069
13.22390677220116
17.024701138902216
21.42692292491993
26.32797544430829
31.57752285776319
36.97966030514781
42.302308566944674
47.2927983708708
51.697751738443216
55.28472724314442
57.862810513181046
59.29947382088833
59.53158526958173
58.56932034573694
56.492757069917495
53.44193783188319
49.60199015005443
45.18539853674257
40.41366185176423
35.50037594546652
30.637327041327378
25.984577214161973
21.664886559331183
17.762248634493616
14.323886992232797
11.364804584863187
8.873893231944727
6.820669423621806
5.1618623665607135
3.8472929885238574
2.824705882444679
2.0434174495812174
1.456802851868382
1.0237537815852147
0.7092999778673668
0.4846076056799668
0.32655786033270073
0.21708069238396333
0.14238122027885713
0.09215775666969805
0.058875410112825745
0.037130612957717093
0.023120530962283996
0.014216758707413426
